브랜드명,국가,스킨케어,제품명,Id,가격,전성분표기,효능,피부타입,이미지url,비건인증
닥터브로너스,미국,스킨/토너,로즈 발란싱 스킨 소프트너 240ml,DB1,23000,"정제수,다마스크장미꽃수,에탄올,알로에베라잎즙,글리세린,꿀,라벤더오일,버지니아풍년화수,잔탄검,호호바씨오일,삼씨오일,아보카도오일,토코페롤,시트랄,유제놀,제라니올,리날룰,시트로넬올,리모넨,쿠마린","보습,진정",건성,https://drbronnerskorea.com/web/product/big/202307/41f8138efae3fe4329975bde7f4d8f1a.jpg,VEGAN ACTION
닥터브로너스,미국,스킨/토너,로즈 발란싱 스킨 소프트너 475ml,DB2,38000,"정제수,다마스크장미꽃수,에탄올,알로에베라잎즙,글리세린,꿀,라벤더오일,버지니아풍년화수,잔탄검,호호바씨오일,삼씨오일,아보카도오일,토코페롤,시트랄,유제놀,제라니올,리날룰,시트로넬올,리모넨,쿠마린","보습,진정",건성,https://drbronnerskorea.com/web/product/big/202307/589bf25d86753f4636b195c7d49e8f7b.jpg,VEGAN ACTION
닥터브로너스,미국,스킨/토너,라벤더 발란싱 스킨 소프트너 240ml,DB3,23000,"정제수,다마스크장미꽃수,에탄올,알로에베라잎즙,글리세린,꿀,라벤더오일,버지니아풍년화수,잔탄검,호호바씨오일,삼씨오일,아보카도오일,토코페롤,시트랄,유제놀,제라니올,리날룰,시트로넬올,리모넨,쿠마린","보습,진정",복합성,https://drbronnerskorea.com/web/product/big/202307/73d2450c6eff5f5dee5dcb4a308c87b3.jpg,VEGAN ACTION
닥터브로너스,미국,스킨/토너,라벤더 발란싱 스킨 소프트너 475ml,DB4,38000,"정제수,다마스크장미꽃수,에탄올,알로에베라잎즙,글리세린,꿀,라벤더오일,버지니아풍년화수,잔탄검,호호바씨오일,삼씨오일,아보카도오일,토코페롤,시트랄,유제놀,제라니올,리날룰,시트로넬올,리모넨,쿠마린","보습,진정",복합성,https://drbronnerskorea.com/web/product/big/202307/b9785eb6220933fcf7f921b0d488c923.jpg,VEGAN ACTION
닥터슈라클,한국,로션/크림,비건 액티브 베리 퍼밍 아이크림,DS1,34000,"정제수,부틸렌글라이콜,글리세린,카프릴릭/카프릭트라이글리세라이드,세테아릴알코올,비닐다이메티콘,세테아릴올리베이트,솔비탄올리베이트,아이소노닐아이소노나노에이트,메도우폼씨오일,베타인,시어버터,호호바씨오일,크랜베리추출물,한련초추출물,다시마추출물,한련초잎추출물,인도멀구슬나무잎추출물,포도씨오일,소듐하이알루로네이트,올리브오일,센티드제라늄꽃오일,라벤더오일,캐모마일꽃오일,오렌지껍질오일,멕시칸주니퍼오일,하이드로제네이티드레시틴,암모늄아크릴로일다이메틸타우레이트/브이피코폴리머,칸데릴라왁스,하이드로제네이티드폴리데센,소듐폴리아크릴로일다이메틸타우레이트,다이메티콘/비닐다이메티콘크로스폴리머,다이메티콘올,트라이실록세인,잔탄검,아데노신,다이소듐이디티에이,구아검,아가,소듐폴리아크릴레이트,글루타티온,스쿠알란,콜레스테롤,토코페롤,사이아노코발아민,티타늄디옥사이드,팔미틱애씨드,스테아릭애씨드,콜라겐,드럼스틱씨오일,류코노스톡/무발효여과물,프룩토올리고사카라이드,레스베라트롤,바쿠치올,베타-글루칸,세라마이드엔피,하이드롤라이즈드하이알루로닉애씨드,알루미늄하이드록사이드,트라이에톡시카프릴릴실레인,1❤️2-헥산다이올,하이드록시아세토페논,에틸헥실글리세린,카프릴릴글라이콜",안티에이징,건성,https://lghmaltr8820.cdn-nhncommerce.com/data/goods/23/08/33/1562/1562_detail_069.png,한국비건인증원
닥터슈라클,한국,로션/크림,비건 액티브 베리 리프팅 크림,DS2,40000,"정제수,프로판다이올,글리세린,사이클로헥사실록세인,1❤️2-헥산다이올,베타인,폴리글리세린-3,하이드로제네이티드폴리(C6-14올레핀),아이소노닐아이소노나노에이트,다이카프릴릴카보네이트,카프릴릭/카프릭트라이글리세라이드,폴리글리세릴-10스테아레이트,하이드로제네이티드폴리데센,다시마추출물,한련초잎추출물,크랜베리추출물,한련초추출물,인도멀구슬나무잎추출물,포도씨오일,소듐하이알루로네이트,하이드로제네이티드레시틴,올리브오일,센티드제라늄꽃오일,라벤더오일,캐모마일꽃오일,오렌지껍질오일,멕시칸주니퍼오일,암모늄아크릴로일다이메틸타우레이트/브이피코폴리머,C14-22알코올,비닐다이메티콘,다이메티콘올,C12-20알킬글루코사이드,아크릴레이트/C10-30알킬아크릴레이트크로스폴리머,트로메타민,폴리쿼터늄-51,다이소듐이디티에이,아데노신,프룩토올리고사카라이드,부틸렌글라이콜,구아검,아가,베타-글루칸,하이드롤라이즈드하이알루로닉애씨드,글루코오스,식물성스쿠알란,잔탄검,티타늄디옥사이드,콜라겐,드럼스틱씨오일,류코노스톡/무발효여과물,레스베라트롤,세라마이드엔피,트라이에톡시카프릴릴실레인,알루미늄하이드록사이드,에틸헥실글리세린,카프릴릴글라이콜",안티에이징,건성,https://lghmaltr8820.cdn-nhncommerce.com/data/goods/23/01/02/1540/1540_detail_053.png,한국비건인증원
닥터슈라클,한국,에센스/세럼/앰플,비건 액티브 베리 퍼스트 에센스,DS3,40000,"정제수,글리세린,1❤️2-헥산다이올,메틸프로판다이올,글리세레스-26,병풀추출물,무화과추출물,다시마추출물,한련초잎추출물,크랜베리추출물,한련초추출물,인도멀구슬나무잎추출물,하이드로제네이티드레시틴,소듐하이알루로네이트,포도씨오일,올리브오일,센티드제라늄꽃오일,라벤더오일,캐모마일꽃오일,오렌지껍질오일,멕시칸주니퍼오일,다이글리세린,아이소노닐아이소노나노에이트,옥틸도데세스-16,카보머,트로메타민,아데노신,다이소듐이디티에이,프룩토올리고사카라이드,부틸렌글라이콜,구아검,아가,베타-글루칸,베타인,하이드롤라이즈드하이알루로닉애씨드,세라마이드엔피,잔탄검,티타늄디옥사이드,드럼스틱씨오일,레스베라트롤,콜라겐,류코노스톡/무발효여과물,식물성스쿠알란,트라이에톡시카프릴릴실레인,알루미늄하이드록사이드,하이드록시아세토페논,에틸헥실글리세린,카프릴릴글라이콜",안티에이징,건성,https://lghmaltr8820.cdn-nhncommerce.com/data/goods/22/12/52/1537/1537_detail_060.png,한국비건인증원
닥터슈라클,한국,로션/크림,비건 콤부차 티 젤 크림,DS4,32000,"녹차수,홍차추출물,효모발효여과물,글리세린,메틸프로판다이올,다이카프릴릴에터,정제수,글리세레스-26,나이아신아마이드,1❤️2-헥산다이올,다시마추출물,한련초잎추출물,우엉뿌리추출물,진흙버섯추출물,카카오씨추출물,오미자추출물,하이드로제네이티드레시틴,로즈마리잎오일,암모늄아크릴로일다이메틸타우레이트/브이피코폴리머,카보머,트로메타민,폴리쿼터늄-51,해바라기씨오일불검화물,프룩토올리고사카라이드,잔탄검,베타-글루칸,덱스트린,하이드롤라이즈드하이알루로닉애씨드,부틸렌글라이콜,하이드록시아세토페논,에틸헥실글리세린",수분공급,모든피부,https://lghmaltr8820.cdn-nhncommerce.com/data/goods/21/07/27/1395/1395_detail_050.png,한국비건인증원
닥터슈라클,한국,에센스/세럼/앰플,비건 콤부차 티 에센스,DS5,38000,"녹차수,홍차추출물,효모발효여과물,트라이에틸헥사노인,하이드로제네이티드폴리(C6-14올레핀),정제수,1❤️2-헥산다이올,메틸프로판다이올,병풀추출물,무화과추출물,카카오씨추출물,오미자추출물,당느릅나무뿌리추출물,줄맨드라미씨추출물,소듐하이알루로네이트,하이드로제네이티드레시틴,트라이라우레스-4포스페이트,폴리쿼터늄-51,해바라기씨오일불검화물,부틸렌글라이콜,덱스트린,세라마이드엔피,에틸헥실글리세린","수분공급,보습",모든피부,https://lghmaltr8820.cdn-nhncommerce.com/data/goods/20/12/53/1357/1357_detail_016.png,한국비건인증원
더온리프,한국,스킨/토너,비건 어성초 파하 토너 260ml,DO1,23500,"정제수,약모밀추출물,부틸렌글라이콜,글리세린,1❤️2-헥산다이올,나이아신아마이드,쇠비름추출물,병풀추출물,무화과추출물,사탕수수추출물,흰버드나무껍질추출물,인도멀구슬나무꽃추출물,인도멀구슬나무잎추출물,울금뿌리추출물,홀리바질잎추출물,호장근뿌리추출물,황금추출물,녹차추출물,스페인감초뿌리추출물,참산호말추출물,로즈마리잎추출물,마트리카리아꽃추출물,하이드로제네이티드레시틴,소듐시트레이트,옥틸도데세스-16,시트릭애씨드,다이소듐이디티에이,글루코노락톤,카프릴로일살리실릭애씨드,세라마이드엔피,락토바실러스발효용해물,락토코쿠스발효용해물,비피다발효여과물,비피다발효용해물,효모발효여과물,하이드록시아세토페논,에틸헥실글리세린","피지개선,모공타이트닝",민감성,https://theonleaf.kr/web/product/small/202208/4c038f775df6186bf8031425696423e9.jpg,PETA
더온리프,한국,로션/크림,비건 그리너리 리페어 시카 크림 100g,DO2,37500,"병풀추출물,녹차수,글리세린,부틸렌글라이콜,정제수,비닐다이메티콘,나이아신아마이드,1❤️2-헥산다이올,세테아릴알코올,C12-16알코올,카프릴릭/카프릭트라이글리세라이드,세테아릴글루코사이드,하이드로제네이티드폴리데센,스쿠알란,마데카소사이드,아시아티코사이드,아시아틱애씨드,마데카식애씨드,락토바실러스발효물,하이드로제네이티드레시틴,판테놀,카보머,팔미틱애씨드,소듐아크릴레이트/소듐아크릴로일다이메틸타우레이트코폴리머,폴리아이소부텐,글리세릴카프릴레이트,알란토인,다이포타슘글리시리제이트,펜틸렌글라이콜,에틸헥실글리세린,다이소듐이디티에이,카프릴릴글라이콜,하이드롤라이즈드호호바에스터,트로메타민,카프릴릴/카프릴글루코사이드,솔비탄올리에이트,백미꽃추출물,약모밀추출물,흰버드나무껍질추출물,황금추출물","수분공급,보습,진정",민감성,https://theonleaf.kr/web/product/small/202212/8f128f21399176c70f1bfabe054a7d28.jpg,PETA
더퓨어로터스,한국,에센스/세럼/앰플,연꽃잎 모이스처 피부장벽강화 고농축 보습 에센스,DL1,33000,"연꽃잎추출물,글리세린,1❤️2-헥산다이올,부틸렌글라이콜,나이아신아마이드,하이드로제네이티드폴리(C6-14올레핀),글리세릴올리에이트시트레이트,정제수,카프릴릴글라이콜,에틸헥실글리세린,카프릴릭/카프릭트라이글리세라이드,카보머,트로메타민,잔탄검,아데노신,레몬껍질오일,다이소듐이디티에이,라벤더오일,오렌지껍질오일,옥틸도데칸올,바실러스/소이빈발효추출물,폴릭애씨드,비타민나무열매오일,센티드제라늄꽃오일,글리세릴폴리메타크릴레이트,소듐하이알루로네이트,양까막까치밥나무씨오일,프로필렌글라이콜,귤껍질추출물,난추출물,녹차추출물,동백나무잎추출물,코치닐선인장열매추출물,하이드로제네이티드레시틴,세라마이드엔피,해바라기씨오일불검화물,소듐락테이트,토코페롤,풍선덩굴꽃/잎/덩굴추출물,해바라기씨오일,로즈마리잎추출물,팔미토일트라이펩타이드-1,리모넨,시트랄,시트로넬올,제라니올,리날룰","수분공급,피부진정, 유수분밸런스조절, 피부결정돈",모든피부,https://shop-phinf.pstatic.net/20221117_148/1668647061037N9uWQ_JPEG/69782840762530366_231980326.jpg?type=f396,EVE VEGAN
더퓨어로터스,한국,에센스/세럼/앰플,제주 연꽃잎 모이스처 수분 레몬 미스트,DL2,57600,"정제수,연꽃잎추출물,카프릴릭/카프릭트라이글리세라이드,1❤️2-헥산다이올,부틸렌글라이콜,레몬껍질오일,솔비탄세스퀴올리에이트,에틸헥실글리세린,카프릴릴글라이콜,소듐클로라이드,글리세릴올리에이트시트레이트,베타인,알란토인,녹차추출물,알로에베라잎추출물,다이소듐이디티에이,비타민나무열매오일,옥틸도데칸올,양까막까치밥나무씨오일,해바라기씨오일불검화물,토코페롤,풍선덩굴꽃/잎/덩굴추출물,해바라기씨오일,로즈마리잎추출물,리모넨,시트랄,리날룰","수분공급, 피부탄력",모든피부,https://shop-phinf.pstatic.net/20230803_37/1691022899851JiQBr_JPEG/6034986940393513_360719127.jpg?type=f396,EVE VEGAN
더퓨어로터스,한국,에센스/세럼/앰플,연꽃잎 수분 피부진정 순한 보습 진정세럼,DL3,83000,"정제수,글리세린,메틸글루세스-20,연꽃잎추출물,알로에베라잎추출물,부틸렌글라이콜,나이아신아마이드,1❤️2-헥산다이올,시어버터,세테아릴올리베이트,솔비탄올리베이트,아크릴레이트/C10-30알킬아크릴레이트크로스폴리머,알지닌,글리세릴아크릴레이트/아크릴릭애씨드코폴리머,녹차추출물,도둑놈의지팡이뿌리추출물,유자추출물,유칼립투스잎추출물,자몽추출물,클로브꽃추출물,향료,시트릭애씨드","수분공급,피부투명, 유수분밸런스조절","모든피부,민감성",https://shop-phinf.pstatic.net/20221118_188/1668737046105fIty5_JPEG/69872880887153723_275645611.jpg?type=f396,EVE VEGAN
러쉬,영국,스킨/토너,티 트리 워터 250g,LS1,32000,"티트리잎수,자몽수,두송열매수,향료,리모넨,메틸파라벤","수분공급,저자극,진정,트러블",모든피부,https://shop-phinf.pstatic.net/20230727_296/16904164130960k3hB_JPEG/4130544983192186_16204059.jpg?type=m510,VeganSociety
러쉬,영국,스킨/토너,오 로마 워터 250g,LS2,32000,"라벤더수,다마스크장미꽃수,향료,시트로넬올,제라니올,리모넨,리날룰,메틸파라벤","수분공급,저자극,진정,트러블",모든피부,https://shop-phinf.pstatic.net/20180207_126/lushon_1517984477083ELuPc_JPEG/41291656725547662_414577385.jpg?type=m510,VeganSociety
러쉬,영국,스킨/토너,티 트리 워터 100g,LS3,16000,"티트리잎수,자몽수,두송열매수,향료,리모넨,메틸파라벤","수분공급,저자극,진정,트러블",모든피부,https://shop-phinf.pstatic.net/20230727_94/1690416430694q2rBt_JPEG/37381685494673652_550328730.jpg?type=m510,VeganSociety
러쉬,영국,스킨/토너,오 로마 워터 100g,LS4,16000,"라벤더수,다마스크장미꽃수,향료,시트로넬올,제라니올,리모넨,리날룰,메틸파라벤","수분공급,저자극,진정,트러블",모든피부,https://shop-phinf.pstatic.net/20180207_86/lushon_1517984383936MEHUT_JPEG/41291563578291983_2012598393.jpg?type=m510,VeganSociety
러쉬,영국,스킨/토너,브레스 오브 프레쉬 에어 250g,LS5,32000,"온천수,해수,알로에베라잎추출물,향료,다마스크장미꽃추출물,광곽향오일,로즈우드오일,블래더랙추출물,리모넨,리날룰,아이리쉬모스추출물,메틸파라벤","수분공급,저자극,진정,트러블",모든피부,https://shop-phinf.pstatic.net/20180207_46/lushon_1517984120105DrfAJ_JPEG/41291299746550051_-2062893283.jpg?type=m510,VeganSociety
러쉬,영국,스킨/토너,브레스 오브 프레쉬 에어 100g,LS6,16000,"온천수,해수,알로에베라잎추출물,향료,다마스크장미꽃추출물,광곽향오일,로즈우드오일,블래더랙추출물,리모넨,리날룰,아이리쉬모스추출물,메틸파라벤","수분공급,저자극,진정,트러블",모든피부,https://shop-phinf.pstatic.net/20180207_65/lushon_1517984235783geeth_JPEG/41291415425633265_440577446.jpg?type=m510,VeganSociety
매드히피,미국,에센스/세럼/앰플,매드히피 비타민C세럼 수분 비타민 앰플 30mL,MH1,55000,"정제수,소듐아스코빌포스페이트,C12-15알킬벤조에이트,글리세린,소듐레불리네이트,소듐아니세이트,클레리추출물,왕귤나무,하이알루로닉애씨드,곤약뿌리가루,알로에베라잎,토코트라이엔올,페룰릭애씨드,마트리카리아추출물,소듐파이테이트,잔탄검,하이드록시에틸셀룰로오스",수분공급,모든피부,https://madhippie.net/web/product/extra/big/202007/9014968022eb2826f4763a60fa001b11.jpg,BPA-FREE
매드히피,미국,로션/크림,매드히피 페이스크림 영양 크림 30ml,MH2,45000,"정제수,알로에베라잎즙,세테아릴알코올,팔미토일트라이펩타이드-38,잇꽃씨오일,글리세린,카프릴릭/카프릭트라이글리세라이드,나이아신아마이드,팔미토일다이펩타이드-5다이아미노부틸로일하이드록시트레오닌,글리세릴스테아레이트,아이소프로필팔미테이트,페네틸알코올,카프릴릴글라이콜,에틸헥실글리세린,소듐피씨에이,소르빅애씨드,C10-18트라이글리세라이즈,잔탄검,아르간커넬오일,포타슘솔베이트,레스베라트롤,코코넛야자오일,시트릭애씨드,녹차추출물,유비퀴논,아사이팜열매추출물,토코페롤,부틸렌글라이콜,석류씨추출물,토코트라이엔올,라임추출물","수분공급,진정,보습",모든피부,https://madhippie.net/web/product/big/201906/59d556f26b677214a914c0467f69e873.jpg,BPA-FREE
메리플래닛,한국,스킨/토너,멜로우 비건 LHA 토너 250ml,MP1,39000,"정제수,다이프로필렌글라이콜,글리세린,부틸렌글라이콜,하이드록시아세토페논,폴리글리세릴-10라우레이트,카프릴릴글라이콜,폴리글리세릴-4라우레이트,카보머,파스향나무잎추출물,트로메타민,다이소듐이디티에이,카프릴로일살리실릭애씨드,다이포타슘글리시리제이트,바추잎잎추출물,오레가노잎추출물,흰버드나무껍질추출물,편백잎추출물,쇠비름추출물,육계나무껍질추출물,황금추출물,락토바실러스/콩발효추출물,시트릭애씨드",각질개선,모든피부,https://merryplanet.co.kr/web/product/big/202308/c78f61ea44c2f7dcb3531d4f52c91c8c.png,한국비건인증원
메리플래닛,한국,에센스/세럼/앰플,멜로우 비건 LHA 에센스 70ml,MP2,46000,"정제수,글리세린,아이소프로필미리스테이트,부틸렌글라이콜,다이프로필렌글라이콜,소듐폴리아크릴로일다이메틸타우레이트,하이드록시아세토페논,하이드로제네이티드폴리데센,아크릴레이트/C10-30알킬아크릴레이트크로스폴리머,카프릴릴글라이콜,트로메타민,카프릴로일살리실릭애씨드,파스향나무잎추출물,트라이데세스-10,다이소듐이디티에이,병풀추출물,모란뿌리추출물,버드나무껍질추출물,락토바실러스/콩발효추출물,쇠비름추출물,오레가노잎추출물,육계나무껍질추출물,황금추출물,편백잎추출물,다이포타슘글리시리제이트,1❤️2-헥산다이올,바추잎잎추출물,알로에베라잎추출물,시트릭애씨드",진정,모든피부,https://merryplanet.co.kr/web/product/big/202203/a4d2819c816e6cfab39c956d645e8729.png,한국비건인증원
메리플래닛,한국,로션/크림,멜로우 비건 LHA 크림 80ml,MP3,47000,"정제수,글리세린,다이프로필렌글라이콜,페닐트라이메티콘,폴리글리세릴-3메틸글루코오스다이스테아레이트,카보머,스테아릭애씨드,C12-16알코올,부틸렌글라이콜,하이드록시아세토페논,트로메타민,팔미틱애씨드,하이드로제네이티드레시틴,카프릴릴글라이콜,카프릴로일살리실릭애씨드,파스향나무잎추출물,다이소듐이디티에이,병풀추출물,프로판다이올,흰버드나무껍질추출물,락토바실러스/콩발효추출물,쇠비름추출물,오레가노잎추출물,육계나무껍질추출물,황금추출물,편백잎추출물,다이포타슘글리시리제이트,1❤️2-헥산다이올,바추잎잎추출물,하이드롤라이즈드완두콩단백질,피토스테롤,레시틴,스쿠알란,올리브오일,시트릭애씨드,세라마이드엔피,시어버터","보습,피부결개선",모든피부,https://merryplanet.co.kr/web/product/big/202203/264c16bca5e2c343b4debd2fcca3e382.png,한국비건인증원
멜릭서,한국,스킨/토너,멜릭서 비건 릴리프 페이셜 모이스처라이저,ML1,48000,"정제수,녹차추출물,글리세린,다이프로필렌글라이콜,프로판다이올,메틸트라이메티콘,펜틸렌글라이콜,다이페닐실록시페닐트라이메티콘,펜타에리스리틸테트라에틸헥사노에이트,1❤️2-헥산다이올,블랙커민씨오일,포도씨오일,병풀잎추출물,오카무라큰실말추출물,흰버드나무껍질추출물,커피콩추출물,인도멀구슬나무잎추출물,라벤더오일,베르가모트잎추출물,인도멀구슬나무꽃추출물,소나무잎추출물,마조람잎오일,카카오씨추출물,캐모마일꽃오일,다이글리세린,폴리메틸실세스퀴옥세인,소듐폴리아크릴로일다이메틸타우레이트,아크릴레이트/C10-30알킬아크릴레이트크로스폴리머,하이드록시아세토페논,트로메타민,데실글루코사이드,에틸헥실글리세린,소듐파이테이트,덱스트린,토코페롤,잔탄검,리날룰","수분공급, 진정, 보습","민감성, 복합성, 지성",https://kr.melixirskincare.com/web/product/tiny/202304/9bd9062d216dfa12d641e78e04ddc963.jpg,PETA
멜릭서,한국,스킨/토너,멜릭서 비건 밸런싱 토너 150ml,ML2,18000,"정제수,부틸렌글라이콜,1❤️2-헥산다이올,녹차추출물",진정,모든피부,https://kr.melixirskincare.com/web/product/tiny/202304/c3f64b6f1792b732431dd6a5e3d273f0.jpg,PETA
멜릭서,한국,스킨/토너,멜릭서 비건 밸런싱 토너 290ml,ML3,36000,"정제수,부틸렌글라이콜,1❤️2-헥산다이올,녹차추출물",진정,모든피부,https://kr.melixirskincare.com/web/product/tiny/202304/950d77e3dcee99734954ed1a6e4c1f80.jpg,PETA
멜릭서,한국,에센스/세럼/앰플,멜릭서 비건 뱀부 하이드레이션 세럼,ML4,38000,"밤부사불가리스수,메틸프로판다이올,부틸렌글라이콜,글리세린,다이프로필렌글라이콜,정제수,펜틸렌글라이콜,1❤️2-헥산다이올,녹차추출물,병풀잎추출물,오카무라큰실말추출물,흰버드나무껍질추출물,커피콩추출물,베르가모트잎추출물,소나무잎추출물,올리브오일,연필향나무오일,센티드제라늄꽃오일,자몽껍질오일,라벤더오일,화이트참파카꽃오일,캐모마일꽃오일,판테놀,C12-14알케스-12,데실글루코사이드,암모늄아크릴로일다이메틸타우레이트/브이피코폴리머,트로메타민,아데노신,에틸헥실글리세린,바이오사카라이드검-1,락토바이오닉애씨드,토코페롤,카보머,잔탄검,시트로넬올","수분공급, 주름 개선",모든피부,https://kr.melixirskincare.com/web/product/tiny/202304/281778619f44c2611c01337d1cdc9e9e.jpg,PETA
멜릭서,한국,스킨/토너,멜릭서 비건 바하 리퀴드 각질제거제,ML5,26000,"정제수,부틸렌글라이콜,펜틸렌글라이콜,메틸프로판다이올,에톡시다이글라이콜,프로판다이올,글리세린,글루코노락톤,살리실릭애씨드,베타-글루칸,판테놀,녹차추출물,병풀추출물,병풀잎추출물,티트리잎추출물,오카무라큰실말추출물,클로렐라불가리스추출물,커피콩추출물,버지니아풍년화수,베르가모트잎추출물,소나무잎추출물,트로메타민,데실글루코사이드,폴리아크릴레이트크로스폴리머-6,글루코오스,프룩토올리고사카라이드,프룩토오스,1❤️2-헥산다이올,아데노신,다이포타슘글리시리제이트,소듐파이테이트,에틸헥실글리세린,잔탄검,t-부틸알코올",진정,"지성, 복합성, 민감성",https://kr.melixirskincare.com/web/product/tiny/202304/f6f0b3cfcb84aedb8de5741d78f1bc59.jpg,PETA
멜릭서,한국,로션/크림,멜릭서 비건 릴리프 페이셜 모이스처라이저,ML6,48000,"정제수,녹차추출물,글리세린,다이프로필렌글라이콜,프로판다이올,메틸트라이메티콘,펜틸렌글라이콜,다이페닐실록시페닐트라이메티콘,펜타에리스리틸테트라에틸헥사노에이트,살구씨오일,1❤️2-헥산다이올,블랙커민씨오일,포도씨오일,병풀잎추출물,오카무라큰실말추출물,흰버드나무껍질추출물,커피콩추출물,인도멀구슬나무잎추출물,라벤더오일,베르가모트잎추출물,인도멀구슬나무꽃추출물,소나무잎추출물,마조람잎오일,카카오씨추출물,캐모마일꽃오일,다이글리세린,폴리메틸실세스퀴옥세인,소듐폴리아크릴로일다이메틸타우레이트,아크릴레이트/C10-30알킬아크릴레이트크로스폴리머,하이드록시아세토페논,트로메타민,데실글루코사이드,에틸헥실글리세린,소듐파이테이트,덱스트린,토코페롤,잔탄검,리날룰","수분공급, 진정, 영양","민감성, 지성, 복합성",https://kr.melixirskincare.com/web/product/tiny/202304/9bd9062d216dfa12d641e78e04ddc963.jpg,PETA
멜릭서,한국,로션/크림,멜릭서 비건 비타민C 하이드레이션 크림,ML7,52000,"정제수,글리세린,부틸렌글라이콜,메도우폼씨오일,다이카프릴릴카보네이트,3-O-에틸아스코빅애씨드,부틸렌글라이콜다이카프릴레이트/다이카프레이트,다이글리세린,다이아이소스테아릴말레이트,하이드로제네이티드폴리(C6-14올레핀),나이아신아마이드,세테아릴알코올,피토스테릴/이소스테아릴/세틸/스테아릴/베헤닐다이머디리놀리에이트,폴리글리세릴-3메틸글루코오스다이스테아레이트,1❤️2-헥산다이올,펜틸렌글라이콜,폴리글리세릴-3다이스테아레이트,베헤닐알코올,글리세릴스테아레이트,하이드로제네이티드올리브오일라우릴에스터,클로렐라불가리스추출물,카나우바왁스,인도멀구슬나무꽃추출물,홀리바질잎추출물,연필향나무오일,라벤더오일,인도멀구슬나무잎추출물,로즈마리잎오일,카카오씨추출물,울금뿌리추출물,유칼립투스잎오일,참산호말추출물,레몬껍질오일,오렌지껍질오일,스피어민트잎오일,만다린껍질오일,자몽껍질오일,카프릴릭/카프릭트라이글리세라이드,팔미틱애씨드,스테아릭애씨드,글루코오스,베헤닉애씨드,카프릴릴글라이콜,다이포타슘글리시리제이트,프룩토올리고사카라이드,프룩토오스,글리세릴스테아레이트시트레이트,아크릴레이트/C10-30알킬아크릴레이트크로스폴리머,에틸헥실글리세린,알란토인,트라이소듐에틸렌다이아민다이석시네이트,미리스틱애씨드,솔비탄아이소스테아레이트,유비퀴논,아스코빌테트라이소팔미테이트,덱스트린,토코페롤,C12-16알코올,스테아릴알코올,잔탄검,리모넨,리날룰,시트랄","수분공급, 미백","건성용, 모든피부",https://kr.melixirskincare.com/web/product/tiny/202304/727f4e1abe272f55b53dbb49d92e1efa.jpg,PETA
보나쥬르,한국,스킨/토너,가지 데일리 BHA 토너 205ml,BJ1,25000,"가지열매추출물,흰버드나무껍질추출물,1❤️2-헥산다이올,부틸렌글라이콜,프로판다이올,로우스위트블루베리추출물,루페올,살리실릭애씨드,다이포타슘글리시리제이트,카프릴하이드록사믹애씨드,카프릴릴/카프릴글루코사이드,유향나무오일,삼나무잎추출물,연꽃잎추출물,효모발효물,정제수,알지닌","저자극, 각질케어","지성, 복합성",https://www.bonajour.com/web/product/big/202303/c737f634cef59995219d13cb1bb64846.jpg,VeganSociety
보나쥬르,한국,스킨/토너,그린티 워터 토너 205ml,BJ2,24000,"정제수,녹차추출물,부틸렌글라이콜,1❤️2-헥산다이올,소듐하이알루로네이트,소듐아세틸레이티드하이알루로네이트,하이드롤라이즈드하이알루로닉애씨드,글리세린,다이포타슘글리시리제이트,에스에이치-데카펩타이드-7,에스에이치-옥타펩타이드-4,에스에이치-올리고펩타이드-9,에스에이치-펜타펩타이드-19,카퍼트라이펩타이드-1,에스에이치-폴리펩타이드-7,프로판다이올,카프릴하이드록사믹애씨드,에틸헥실글리세린,카보머,알지닌,알란토인,펜틸렌글라이콜,카프릴릴글라이콜","수분공급, 피부진정","중성, 건성",https://www.bonajour.com/web/product/big/202211/32ac91ce5260ff7c5976d6f965b7a894.jpg,VeganSociety
보나쥬르,한국,스킨/토너,센텔라 리페어 스킨 토너 150ml,BJ3,26000,"병풀추출물,마트리카리아꽃수,글리세린,삼백초잎/뿌리추출물,뽕나무껍질추출물,귤껍질추출물,유칼립투스잎추출물,블랙윌로우나무껍질추출물,소듐하이알루로네이트,소듐구아이아줄렌설포네이트,베타인,알란토인,다이프로필렌글라이콜,부틸렌글라이콜,펜틸렌글라이콜,카프릴릴글라이콜,1❤️2-헥산다이올,카보머,알지닌,캐모마일꽃오일",피부진정,"지성, 복합성",https://www.bonajour.com/web/product/big/202010/d26a90aba5634f3ec8a4887b48eec4ad.jpg,VeganSociety
보나쥬르,한국,스킨/토너,프로폴리스 에너지 토너 205ml,BJ4,27000,"프로폴리스추출물,부틸렌글라이콜,글리세린,프로판다이올,정제수,1❤️2-헥산다이올,병풀추출물,모란뿌리추출물,하이드록시아세토페논,에틸헥실글리세린,카보머,맥아추출물,소듐하이알루로네이트,알지닌,잔탄검,알로에베라잎추출물,바이오플라보노이드,하이드록시프로필트라이모늄하이알루로네이트,브로콜리추출물,하이드롤라이즈드하이알루로닉애씨드,소듐아세틸레이티드하이알루로네이트,하이알루로닉애씨드,하이드롤라이즈드소듐하이알루로네이트,소듐하이알루로네이트크로스폴리머,포타슘하이알루로네이트","수분공급, 피부장벽강화, 피부진정, 생기","지성, 복합성",https://www.bonajour.com/web/product/big/202009/e03996ade582f9dcef21fe281e4c80a3.jpg,VeganSociety
보나쥬르,한국,스킨/토너,바이옴 쉴드 5X 세라 토너 150ml,BJ5,26000,"갈락토미세스발효여과물,정제수,부틸렌글라이콜,글리세린,다이프로필렌글라이콜,메틸프로판다이올,비피다발효용해물,호스테일켈프추출물,클로렐라불가리스추출물,세라마이드에이에스,세라마이드에이피,세라마이드엔에스,세라마이드이오피,세라마이드엔피,베타인,사카라이드아이소머레이트,광곽향오일,라반딘오일,연필향나무오일,센티드제라늄꽃오일,불가리스쑥오일,로즈마리잎오일,베르가모트오일,폴리글리세릴-10라우레이트,1❤️2-헥산다이올,펜틸렌글라이콜,잔탄검,알란토인,콜레스테롤,해수,아데노신,하이드로제네이티드레시틴,글리세릴스테아레이트,카프릴릴글라이콜,에틸헥실글리세린,페네틸알코올","수분공급, 보습",건성,https://www.bonajour.com/web/product/big/202109/a253439bff3a131c9ee172ddc3ee40b3.jpg,VeganSociety
보나쥬르,한국,스킨/토너,아크 그린티 스킨 150ml,BJ6,10000,"정제수,부틸렌글라이콜,녹차추출물,에피갈로카테킨갈레이트,효모발효물,연꽃잎추출물,삼나무잎추출물,약모밀추출물,석류추출물,무화과추출물,뽕나무열매추출물,은행추출물,펜틸렌글라이콜,1❤️2-헥산다이올,카프릴릴글라이콜,변성알코올","피부수렴, 진정, 피지조절","지성, 복합성",https://www.bonajour.com/web/product/big/202103/ce11bcd51134d50a1f8186a3e63a5a68.jpg,VeganSociety
보나쥬르,한국,에센스/세럼/앰플,로즈스템설 탄력 앰플 30ml,BJ7,38800,"프로방스장미꽃수,다마스크장미캘러스배양추출물,부틸렌글라이콜,정제수,알부틴,1❤️2-헥산다이올,폴리글루타믹애씨드,프로판다이올,로우스위트블루베리추출물,인디안구스베리열매추출물,크랜베리추출물,아사이팜열매추출물,한련초추출물,한련초잎추출물,인도멀구슬나무꽃추출물,아이비고드열매추출물,인도멀구슬나무잎추출물,드럼스틱씨오일,아데노신,카프릴하이드록사믹애씨드,폴리글리세릴-10라우레이트,카보머,알지닌,에틸헥실글리세린","미백, 피부결, 모공, 탄력, 리페어","건성, 지성",https://www.bonajour.com/web/product/big/202209/5d94966694a04b3cbf536875ba7f3f6d.jpg,VeganSociety
보나쥬르,한국,에센스/세럼/앰플,유기농 호호바 오일 12ml,BJ8,18000,호호바씨오일,보습,"건성, 민감성, 복합성",https://www.bonajour.com/web/product/big/202111/1d31390fcefb2adbd9748a36bae459ec.jpg,VeganSociety
보나쥬르,한국,에센스/세럼/앰플,유기농 티트리 오일 10ml,BJ9,18000,"티트리잎오일,아이소유제놀,리모넨","진정, 트러블","건성, 복합성",https://www.bonajour.com/web/product/big/202212/b6269933ef27d6140028704beaff8569.jpg,VeganSociety
보나쥬르,한국,에센스/세럼/앰플,더마 MDK 리페어 앰플 13g,BJ10,28000,"병풀추출물,부틸렌글라이콜,프로판다이올,나이아신아마이드,1❤️2-헥산다이올,하이드롤라이즈드글라이코사미노글리칸,글리세린,아시아티코사이드,아시아틱애씨드,마데카식애씨드,알란토인,다이포타슘글리시리제이트,펜틸렌글라이콜,카프릴릴글라이콜,하이드록시에틸셀룰로오스","진정, 트러블","건성, 민감성",https://www.bonajour.com/web/product/big/202012/2e77e7e79dec2c815c63c7669bc83089.jpg,VeganSociety
보나쥬르,한국,에센스/세럼/앰플,EGF 고보습 퍼스트 에센스 130ml,BJ11,54800,"검은서양송로추출물,글리세린,펜틸렌글라이콜,정제수,메틸글루세스-20,시어버터,부틸렌글라이콜,나이아신아마이드,폴리글리세릴-10올리에이트,1❤️2-헥산다이올,알에이치-올리고펩타이드-1,하이드롤라이즈드하이알루로닉애씨드,소듐아세틸레이티드하이알루로네이트,소듐하이알루로네이트,프로판다이올,폴리글리세릴-10라우레이트,하이드로제네이티드레시틴,카프릴릴글라이콜,아스파틱애씨드,류신,알라닌,라이신,타이로신,페닐알라닌,글라이신,발린,세린,글루타믹애씨드,트레오닌,프롤린,아이소류신,히스티딘,메티오닌,시스테인,아크릴레이트/C10-30알킬아크릴레이트크로스폴리머,알지닌,유향나무오일,아데노신,에틸헥실글리세린,잔탄검,폴리쿼터늄-51",보습,"건성, 민감성, 중성",https://www.bonajour.com/web/product/big/202201/ccf645201eae70c06db87460626c77bd.jpg,VeganSociety
보나쥬르,한국,에센스/세럼/앰플,프로폴리스 유수분 세럼 100ml,BJ12,22500,"프로폴리스추출물,부틸렌글라이콜,글리세린,정제수,녹차추출물,흰버드나무껍질추출물,효모발효물,삼나무잎추출물,연꽃잎추출물,질경이추출물,감나무잎추출물,당느릅나무껍질추출물,호스테일켈프추출물,글레디트시아아우스트랄리스가시추출물,구릿대뿌리추출물,라케모사승마뿌리추출물,자란뿌리추출물,쌀추출물,녹두씨추출물,하늘타리뿌리추출물,닥나무뿌리추출물,클로브꽃추출물,녹각사씨추출물,크랜베리추출물,로우스위트블루베리추출물,소듐카보머,펜틸렌글라이콜,1❤️2-헥산다이올,카프릴릴글라이콜,에피갈로카테킨갈레이트","수분공급, 피부장벽, 피지조절","지성, 복합성",https://www.bonajour.com/web/product/big/202303/d3aee8cfe66230af78ad9fac665b6b4f.jpg,VeganSociety
보나쥬르,한국,로션/크림,비건 그린티 워터크림 100ml,BJ13,22000,"정제수,부틸렌글라이콜,카프릴릭/카프릭트라이글리세라이드,녹차추출물,식물성스쿠알란,나이아신아마이드,글리세린,다이카프릴릴카보네이트,소듐하이알루로네이트,폴리글루타믹애씨드,카퍼트라이펩타이드-1,에스에이치-폴리펩타이드-7,에스에이치-데카펩타이드-7,에스에이치-옥타펩타이드-4,에스에이치-올리고펩타이드-9,에스에이치-펜타펩타이드-19,글리세릴스테아레이트,바오밥나무씨오일,알란토인,다이포타슘글리시리제이트,판테놀,세테아릴알코올,1❤️2-헥산다이올,아데노신,카보머,알지닌,다이소듐이디티에이,프로판다이올,카프릴하이드록사믹애씨드,소듐폴리아크릴로일다이메틸타우레이트,다이카프릴릴에터,펜틸렌글라이콜,폴리글리세릴-10다이라우레이트,카프릴릴글라이콜,토코페롤","수분공급, 보습","민감성, 복합성",https://www.bonajour.com/web/product/big/202303/dd358335839a82c015384f2bfab7cafd.jpg,VeganSociety
보나쥬르,한국,로션/크림,비건 펩타이드 워터크림 100ml,BJ14,22000,"정제수,부틸렌글라이콜,사이클로펜타실록세인,글리세린,해바라기씨오일,소듐하이알루로네이트,폴리글루타믹애씨드,페닐트라이메티콘,스쿠알란,옥틸도데칸올,글리세레스-26,펜틸렌글라이콜,버지니아풍년화수,글리세릴스테아레이트시트레이트,폴리글리세릴-3다이스테아레이트,폴리글리세릴-10다이라우레이트,다이포타슘글리시리제이트,니코티노일다이펩타이드-23,아세틸헥사펩타이드-8,1❤️2-헥산다이올,카보머,알지닌,알란토인,덱스판테놀,다이메티콘크로스폴리머,소듐폴리아크릴로일다이메틸타우레이트,카프릴릴글라이콜,다이카프릴릴에터,아데노신,프로판다이올,카프릴하이드록사믹애씨드","수분공급, 피부장벽","지성, 복합성",https://www.bonajour.com/web/product/big/202206/22a088220d437c36e881e64516666d21.jpg,VeganSociety
빌리프,한국,스킨/토너,슈퍼 드랍스-비타민C 워터 트리트먼트 150ml,BF1,42000,"정제수,프로판다이올,글리세린,변성알코올,1❤️2-헥산다이올,다이페닐다이메티콘,카프릴릭/카프릭/석시닉트라이글리세라이드,알로에베라잎즙,하이드롤라이즈드하이알루로닉애씨드,소듐하이알루로네이트,하이드롤라이즈드소듐하이알루로네이트,소듐하이알루로네이트크로스폴리머,하이드록시프로필트라이모늄하이알루로네이트,페룰릭애씨드,알로에베라잎폴리사카라이드,개박하추출물,귀리커넬추출물,라즈베리잎추출물,포트마리골드꽃추출물,와일드인디고뿌리추출물,별꽃추출물,레이디스맨틀잎추출물,쇠뜨기잎추출물,쐐기풀잎추출물,다이카프릴릴에터,마그네슘설페이트,젤란검,부틸렌글라이콜,소듐시트레이트,토코페롤,펜틸렌글라이콜,에틸헥실글리세린,수용성프로테오글리칸,라임전초오일,오렌지껍질오일,센티드제라늄꽃오일,로즈마리잎오일,리모넨,시트로넬올,시트랄,제라니올,리날룰",미백,모든피부,https://belifmall.com/web/product/big/202309/cd3768339afee4f0f7dc56c45008e517.jpg,한국비건인증원
빌리프,한국,스킨/토너,더 화이트 디콕션-얼티미트 브라이트닝 토너 200ml,BF2,38000,"정제수,변성알코올,부틸렌글라이콜,1❤️2-헥산다이올,글리세레스-26,나이아신아마이드,하이드록시에틸피페라진에탄설포닉애씨드,판테놀,히더추출물,피버퓨추출물,와일드티즐추출물,귀리커넬추출물,포트마리골드꽃추출물,개박하추출물,라즈베리잎추출물,와일드인디고뿌리추출물,별꽃추출물,서양톱풀꽃추출물,다마스크장미꽃추출물,라벤더꽃추출물,캐모마일꽃추출물,병풀추출물,감초추출물,녹차추출물,황금추출물,호장근추출물,로즈마리잎추출물,조류추출물,소듐하이알루로네이트,피이지-40하이드로제네이티드캐스터오일,트로메타민,하이드록시에틸셀룰로오스,옥틸도데세스-16,향료,시트로넬올,리모넨","보습,각질",모든피부,https://belifmall.com/web/product/big/202309/1c216574274d7d45cc6ab3ce5c16a652.jpg,한국비건인증원
빌리프,한국,스킨/토너,슈퍼 드랍스-히알루씨드 워터 트리트먼트 150ml,BF3,42000,"정제수,프로판다이올,글리세린,변성알코올,1❤️2-헥산다이올,다이페닐다이메티콘,카프릴릭/카프릭/석시닉트라이글리세라이드,알로에베라잎즙,하이드롤라이즈드하이알루로닉애씨드,소듐하이알루로네이트,하이드롤라이즈드소듐하이알루로네이트,소듐하이알루로네이트크로스폴리머,하이드록시프로필트라이모늄하이알루로네이트,페룰릭애씨드,알로에베라잎폴리사카라이드,개박하추출물,귀리커넬추출물,라즈베리잎추출물,포트마리골드꽃추출물,와일드인디고뿌리추출물,별꽃추출물,레이디스맨틀잎추출물,쇠뜨기잎추출물,쐐기풀잎추출물,다이카프릴릴에터,마그네슘설페이트,젤란검,부틸렌글라이콜,소듐시트레이트,토코페롤,펜틸렌글라이콜,에틸헥실글리세린,수용성프로테오글리칸,라임전초오일,오렌지껍질오일,센티드제라늄꽃오일,로즈마리잎오일,리모넨,시트로넬올,시트랄,제라니올,리날룰","보습,수분공급",모든피부,https://belifmall.com/web/product/big/202309/aa7484bc7e80d7ec7089dc84b4921360.jpg,한국비건인증원
빌리프,한국,스킨/토너,맨올로지 101 프리 토너 200ml,BF4,32000,"정제수,다이프로필렌글라이콜,1❤️2-헥산다이올,글리세린,부틸렌글라이콜,서양톱풀추출물,딜추출물,피버퓨추출물,유칼립투스잎추출물,로즈힙열매추출물,애플민트잎추출물,소듐하이알루로네이트,바이오사카라이드검-1,카프릴릭/카프릭트라이글리세라이드,소듐시트레이트,시트릭애씨드,트라이소듐이디티에이,소듐폴리아크릴레이트,에틸헥실글리세린,옥틸도데세스-16,피이지-40하이드로제네이티드캐스터오일","보습,수분공급",모든피부,https://belifmall.com/web/product/big/202309/1e1bb50de4c200cd063926d919181ea0.jpg,한국비건인증원
빌리프,한국,스킨/토너,빌리프 프라블럼 솔루션 비건 토너,BF5,35000,"정제수,프로판다이올,나이아신아마이드,1❤️2-헥산다이올,하이드록시에틸우레아,하이드록시에틸피페라진에탄설포닉애씨드,귀리커넬추출물,포트마리골드꽃추출물,개박하추출물,라즈베리잎추출물,와일드인디고뿌리추출물,별꽃추출물,우엉뿌리추출물,로즈마리잎추출물,라벤더꽃추출물,에키네시아추출물,티트리추출물,유칼립투스잎추출물,애플민트잎추출물,로즈힙열매추출물,토타롤,4-터피네올,글리세린,부틸렌글라이콜,폴리글리세릴-10스테아레이트,폴리글리세릴-10올리에이트,트로메타민,소듐하이알루로네이트,다이포타슘글리시리제이트,베타-글루칸,오렌지껍질오일,센티드제라늄꽃오일,리모넨,시트로넬올,제라니올,리날룰","진정,트러블","지성, 민감성",https://belifmall.com/web/product/big/202309/305ebb38924d2807e8607a89e30abdd3.jpg,한국비건인증원
빌리프,한국,스킨/토너,시카 수딩 토너 200ml,BF6,35000,"정제수,다이프로필렌글라이콜,글리세레스-26,1❤️2-헥산다이올,글리세린,별꽃추출물,레이디스맨틀잎추출물,쇠뜨기잎추출물,쐐기풀잎추출물,귀리커넬추출물,포트마리골드꽃추출물,개박하추출물,라즈베리잎추출물,와일드인디고뿌리추출물,마데카소사이드,병풀잎추출물,덱스트린,카카오씨추출물,부틸렌글라이콜,솔비톨,비스-피이지-18메틸에터다이메틸실레인,판테놀,피이지-40하이드로제네이티드캐스터오일,트라이에틸헥사노인,자일리틸글루코사이드,락토바실러스/콩발효추출물,페닐트라이메티콘,아크릴레이트/C10-30알킬아크릴레이트크로스폴리머,안하이드로자일리톨,트로메타민,효모/감자추출물발효여과물,락토바실러스발효물,울금뿌리추출물,효모/보리씨발효여과물,자일리톨,라우릴다이메티콘/폴리글리세린-3크로스폴리머,폴리메틸실세스퀴옥세인,폴리쿼터늄-51,알진,글루코오스,트라이소듐이디티에이,에틸헥실글리세린,바이오사카라이드검-1,오렌지껍질오일,라임전초오일,로즈마리잎오일,센티드제라늄꽃오일,시트랄,시트로넬올,리모넨,제라니올,리날룰","보습,진정",민감성,https://belifmall.com/web/product/big/202309/1953e969ff4f19163420973814fee5a2.jpg,한국비건인증원
빌리프,한국,스킨/토너,위치헤이즐 허벌 익스트랙트 토너 200ml,BF7,33000,"정제수,다이프로필렌글라이콜,글리세린,1❤️2-헥산다이올,헥실데실에틸헥사노에이트,펜타에리스리틸테트라에틸헥사노에이트,변성알코올,귀리커넬추출물,포트마리골드꽃추출물,개박하추출물,라즈베리잎추출물,와일드인디고뿌리추출물,별꽃추출물,탱자추출물,버지니아풍년화추출물,몰로키아잎추출물,커먼자스민추출물,베타인,사이클로펜타실록세인,부틸렌글라이콜,아크릴레이트/C10-30알킬아크릴레이트크로스폴리머,트로메타민,다이메티콘,소듐하이알루로네이트,트라이소듐이디티에이,센티드제라늄꽃오일,로즈마리잎오일,오렌지껍질오일,라임전초오일,리모넨","수분,영양",건성,https://belifmall.com/web/product/big/202308/38550f0e692cc96f6667e98088afa782.jpg,한국비건인증원
빌리프,한국,스킨/토너,베르가못 허벌 익스트랙트 토너 200ml,BF8,33000,"정제수,글리세린,변성알코올,부틸렌글라이콜,1❤️2-헥산다이올,베타인,비스-피이지-18메틸에터다이메틸실레인,글리세레스-26,메틸프로판다이올,판테놀,피이지/피피지-17/6코폴리머,피이지/피피지/폴리부틸렌글라이콜-8/5/3글리세린,피이지-40하이드로제네이티드캐스터오일,하이드록시프로필사이클로덱스트린,아크릴레이트/C10-30알킬아크릴레이트크로스폴리머,옥틸도데세스-16,트로메타민,폴리글루타믹애씨드,페닐트라이메티콘,글리세릴아크릴레이트/아크릴릭애씨드코폴리머,트라이소듐이디티에이,바이오사카라이드검-1,소듐하이알루로네이트,베타-글루칸,몰로키아잎추출물,베르가못잎추출물,살비아잎추출물,쇠비름추출물,에틸헥실글리세린,귀리커넬추출물,포트마리골드꽃추출물,개박하추출물,라즈베리잎추출물,와일드인디고뿌리추출물,별꽃추출물,오렌지껍질오일,라임전초오일,센티드제라늄꽃오일,로즈마리잎오일,리모넨,시트로넬올",수분,"중성, 복합성",https://belifmall.com/web/product/big/202308/dd8d924083bdca3820d3ff8b3bf64210.jpg,한국비건인증원
빌리프,한국,스킨/토너,유칼립투스 허벌 익스트랙트 토너 200ml,BF9,33000,"정제수,변성알코올,다이프로필렌글라이콜,1❤️2-헥산다이올,부틸렌글라이콜,귀리커넬추출물,포트마리골드꽃추출물,개박하추출물,라즈베리잎추출물,와일드인디고뿌리추출물,별꽃추출물,유칼립투스잎추출물,애플민트잎추출물,로즈힙열매추출물,판테놀,피이지-40하이드로제네이티드캐스터오일,옥틸도데세스-16,소듐시트레이트,시트릭애씨드,트라이소듐이디티에이,소듐폴리아크릴레이트,오렌지껍질오일,라임전초오일,센티드제라늄꽃오일,로즈마리잎오일,시트로넬올,리모넨","수분,피부손상방지",지성,https://belifmall.com/web/product/big/202308/cc7ab0c7cdcc3c810821337370b48ba8.jpg,한국비건인증원
빌리프,한국,스킨/토너,빌리프 모이스처라이징 밤 토너 200ml,BF10,34000,"정제수,변성알코올,글리세린,트라이에틸헥사노인,카프릴릭/카프릭트라이글리세라이드,다이프로필렌글라이콜,1❤️2-헥산다이올,하이드로제네이티드레시틴,판테놀,카보머,트로메타민,C14-22알코올,스쿠알란,부틸렌글라이콜,폴리솔베이트60,마카다미아씨오일,아라키딜글루코사이드,시어버터,글리세릴스테아레이트,스테아릭애씨드,세라마이드엔피,콜레스테롤,다이메티콘,피이지-100스테아레이트,레이디스맨틀잎추출물,마시멜로뿌리추출물,다마스크장미꽃추출물,메도우스위트꽃추출물,삼색제비꽃추출물,포트마리골드꽃추출물,귀리커넬추출물,개박하추출물,라즈베리잎추출물,별꽃추출물,와일드인디고뿌리추출물,아이브라이트추출물,서양측백나무잎추출물,컴프리잎추출물,서양톱풀꽃추출물,붉은토끼풀꽃추출물,조름나물잎추출물,흰버드나무껍질추출물,오렌지껍질오일,라임전초오일,센티드제라늄꽃오일,로즈마리잎오일,리모넨,시트로넬올,제라니올,시트랄,리날룰","수분,보습,영양",건성,https://belifmall.com/web/product/big/202309/fc1575382749b5fe2d00a444b7e69a8d.jpg,한국비건인증원
빌리프,한국,로션/크림,빌리프 모이스처라이징 밤 50ml 수분크림,BF11,48000,"정제수,글리세린,사이클로헥사실록세인,하이드로제네이티드폴리데센,다이프로필렌글라이콜,1❤️2-헥산다이올,마카다미아씨오일,비스-피이지-18메틸에터다이메틸실레인,트라이에틸헥사노인,스테아릴알코올,글리세릴스테아레이트,펜타에리스리틸테트라에틸헥사노에이트,피이지-40스테아레이트,귀리커넬추출물,포트마리골드꽃추출물,개박하추출물,라즈베리잎추출물,와일드인디고뿌리추출물,별꽃추출물,레이디스맨틀잎추출물,삼색제비꽃추출물,다마스크장미꽃추출물,메도우스위트꽃추출물,마시멜로뿌리추출물,아이브라이트추출물,서양측백나무잎추출물,컴프리잎추출물,서양톱풀꽃추출물,붉은토끼풀꽃추출물,조름나물잎추출물,흰버드나무껍질추출물,겨우살이추출물,락토바실러스/콩발효추출물,띠뿌리추출물,효모발효여과물,탱자추출물,판테놀,하이드로제네이티드레시틴,우레아,트로메타민,글라이코실트레할로오스,스테아릭애씨드,하이드로제네이티드스타치하이드롤리세이트,솔비탄스테아레이트,아크릴레이트/C10-30알킬아크릴레이트크로스폴리머,솔비탄올리베이트,세테아릴올리베이트,다이메티콘/비닐다이메티콘크로스폴리머,다이메티콘,잔탄검,하이드록시에틸피페라진에탄설포닉애씨드,세테아릴알코올,트라이소듐이디티에이,카보머,피이지-100스테아레이트,향료,시트랄,시트로넬올,제라니올,리모넨,리날룰",보습,건성,https://belifmall.com/web/product/big/202309/f224c9c8f16484643a6ed759057715ee.jpg,한국비건인증원
빌리프,한국,로션/크림,빌리프 아쿠아 밤 50ml 수분크림,BF12,48000,"정제수,다이프로필렌글라이콜,글리세린,메틸트라이메티콘,변성알코올,다이메티콘,사이클로펜타실록세인,1❤️2-헥산다이올,카프릴릭/카프릭트라이글리세라이드,피이지/피피지/폴리부틸렌글라이콜-8/5/3글리세린,펜타에리스리틸테트라에틸헥사노에이트,폴리메틸실세스퀴옥세인,판테놀,피이지-150,펜타에리스리틸테트라아이소스테아레이트,귀리커넬추출물,포트마리골드꽃추출물,개박하추출물,라즈베리잎추출물,와일드인디고뿌리추출물,별꽃추출물,레이디스맨틀잎추출물,쇠뜨기잎추출물,쐐기풀잎추출물,페닐트라이메티콘,하이드록시에틸아크릴레이트/소듐아크릴로일다이메틸타우레이트코폴리머,카보머,트로메타민,스쿠알란,피이지-40하이드로제네이티드캐스터오일,다이메티콘올,아크릴레이트/C10-30알킬아크릴레이트크로스폴리머,C14-22알코올,폴리솔베이트60,부틸렌글라이콜,마카다미아씨오일,말라카이트추출물,트라이에틸헥사노인,트라이소듐이디티에이,아라키딜글루코사이드,시어버터,하이드로제네이티드레시틴,솔비탄아이소스테아레이트,글리세릴스테아레이트,스테아릭애씨드,세라마이드엔피,콜레스테롤,피이지-100스테아레이트,로즈마리잎오일,라임전초오일,센티드제라늄꽃오일,오렌지껍질오일,시트랄,시트로넬올,리모넨,제라니올,리날룰",수분공급,지성,https://belifmall.com/web/product/big/202309/f2b42075c2fdea04d054331351e577ce.jpg,한국비건인증원
빌리프,한국,로션/크림,모이스춰라이징 밤 스틱,BF13,32000,"세틸에틸헥사노에이트,다이페닐실록시페닐트라이메티콘,네오펜틸글라이콜다이카프레이트,실리카,세레신,하이드로제네이티드폴리아이소부텐,시어버터,비닐다이메티콘/메티콘실세스퀴옥세인크로스폴리머,합성왁스,폴리글리세릴-2트라이아이소스테아레이트,트라이에틸헥사노인,에틸렌/프로필렌코폴리머,알파-비사보롤,세드롤,토코페롤,돌콩오일,아르간커넬오일,드럼스틱씨오일,피마자씨오일,아이소스테아릭애씨드,1❤️2-헥산다이올,마이카,티타늄디옥사이드,적색산화철,다이프로필렌글라이콜,오렌지껍질오일,캐모마일꽃오일,센티드제라늄꽃오일,녹나무껍질오일,팔마로사오일,마조람잎오일,다마스크장미추출물,리모넨,리날룰,시트로넬올,제라니올","보습,영양,광채,주름개선,미백",건성,https://belifmall.com/web/product/big/202302/0c9e7ad9bbd5a3770cce025caec864fe.jpg,한국비건인증원
빌리프,한국,로션/크림,맨올로지 101 에센셜 모이스춰라이저 75ml,BF14,44000,"정제수,사이클로펜타실록세인,다이프로필렌글라이콜,글리세린,펜타에리스리틸테트라에틸헥사노에이트,1❤️2-헥산다이올,솔비톨,다이메티콘,트라이에틸헥사노인,카프릴릭/카프릭트라이글리세라이드,에버라스팅추출물,엘더추출물,실리카,메틸글루코오스세스퀴스테아레이트,아크릴레이트/C10-30알킬아크릴레이트크로스폴리머,트로메타민,잔탄검,트라이소듐이디티에이,용설란잎추출물,딜추출물,서양톱풀추출물,피버퓨추출물,라임전초오일,베르가모트오일,라벤더오일,캐모마일꽃오일,단향오일,시트랄,리모넨,리날룰","보습,수분공급",모든피부,https://belifmall.com/web/product/big/202309/3390c329bce13a90eec1f84962790f38.jpg,한국비건인증원
빌리프,한국,로션/크림,맨올로지 오리지널 아쿠아 바운싱 워터 로션 200ml,BF15,59000,"정제수,다이메티콘,다이프로필렌글라이콜,워터민트추출물,변성알코올,글리세린,부틸렌글라이콜,1❤️2-헥산다이올,육두구추출물,꿀풀추출물,딜추출물,서양톱풀추출물,피버퓨추출물,마트리카리아꽃/잎추출물,살비아추출물,개박하추출물,라즈베리추출물,팔미토일트라이펩타이드-1,팔미토일테트라펩타이드-7,글리세레스-26,라이소자임베타글루칸,알라닐글루타민,판테놀,글라이코스핑고리피드,하이드로제네이티드레시틴,세테아릴알코올,포스포리피드,세라마이드엔피,콜레스테롤,트라이에틸헥사노인,카프릴릭/카프릭트라이글리세라이드,폴리메틸실세스퀴옥세인,피이지-10다이메티콘,피이지-60하이드로제네이티드캐스터오일,폴리솔베이트20,잔탄검,카보머,아크릴레이트/C10-30알킬아크릴레이트크로스폴리머,트로메타민,트라이소듐이디티에이,라임전초오일,베르가모트오일,단향오일,라벤더오일,캐모마일꽃오일,시트랄,리모넨,리날룰","수분공급,탄력",모든피부,https://belifmall.com/web/product/big/202309/eaf7f3f873ae6885ee62606b711504a6.jpg,한국비건인증원
빌리프,한국,로션/크림,프라임 인퓨전 리페어 크림 50ml,BF16,88000,"정제수,하이드로제네이티드폴리데센,글리세린,사이클로펜타실록세인,다이프로필렌글라이콜,카프릴릭/카프릭트라이글리세라이드,세테아릴알코올,아이소세틸미리스테이트,트라이에틸헥사노인,시어버터,1❤️2-헥산다이올,글리세릴스테아레이트,아르니카몬타나꽃추출물,다이펜타에리스리틸헥사하이드록시스테아레이트/헥사스테아레이트/헥사로지네이트,판테놀,스피드웰추출물,개박하추출물,귀리커넬추출물,라즈베리잎추출물,포트마리골드꽃추출물,별꽃추출물,와일드인디고뿌리추출물,팔미토일트라이펩타이드-1,팔미토일테트라펩타이드-7,소듐하이알루로네이트,세테아릴올리베이트,C12-16알코올,다이메티콘,피이지-100스테아레이트,세테아릴글루코사이드,솔비탄올리베이트,하이드록시에틸아크릴레이트/소듐아크릴로일다이메틸타우레이트코폴리머,스쿠알란,퍼플루오로노닐에틸스테아릴다이메티콘,하이드로제네이티드레시틴,하이드록시프롤린,팔미틱애씨드,폴리솔베이트60,폴리솔베이트20,부틸렌글라이콜,적색산화철,카보머,마이카,티타늄디옥사이드,트로메타민,트라이소듐이디티에이,오렌지껍질오일,센티드제라늄꽃오일,연필향나무오일,베르가모트오일,벤조인나무검,클레리오일,스타아니스열매/씨오일,일랑일랑꽃오일,클로브잎오일,리씨열매오일,피마자씨오일,시트랄,시트로넬올,리모넨,제라니올,리날룰",주름개선,모든피부,https://belifmall.com/web/product/big/202309/2dfaa5d3807e7cf407c15ab4f06a740e.jpg,한국비건인증원
빌리프,한국,로션/크림,프라임 인퓨전 리페어 아이크림 50ml,BF17,80000,"정제수,글리세린,카프릴릭/카프릭트라이글리세라이드,글리세릴스테아레이트,스쿠알란,세테아릴알코올,사이클로펜타실록세인,다이프로필렌글라이콜,1❤️2-헥산다이올,시어버터,미리스틸미리스테이트,판테놀,피토스테릴/이소스테아릴/세틸/스테아릴/베헤닐다이머디리놀리에이트,폴리글리세릴-3메틸글루코오스다이스테아레이트,C14-22알코올,아르니카몬타나꽃추출물,피이지-100스테아레이트,하이드록시프롤린,개박하추출물,귀리커넬추출물,라즈베리잎추출물,포트마리골드꽃추출물,별꽃추출물,와일드인디고뿌리추출물,자운영추출물,스피드웰추출물,소듐하이알루로네이트,세라마이드엔피,하이드로제네이티드레시틴,비즈왁스,다이메티콘,솔비탄스테아레이트,C12-20알킬글루코사이드,암모늄아크릴로일다이메틸타우레이트/브이피코폴리머,베타인,솔비톨,세린,트레오닌,프롤린,글라이신,글루타믹애씨드,알라닌,라이신,알지닌,토코페릴아세테이트,아크릴레이트/C10-30알킬아크릴레이트크로스폴리머,소듐피씨에이,트로메타민,글리세레스-20,마이카,티타늄디옥사이드,피이지-10레이프씨드스테롤,적색산화철,트라이소듐이디티에이,오렌지껍질오일,센티드제라늄꽃오일,피마자씨오일,베르가모트오일,연필향나무오일,클레리오일,클로브잎오일,벤조인나무검,스타아니스열매/씨오일,일랑일랑꽃오일,리씨열매오일,시트랄,시트로넬올,리모넨,제라니올,리날룰",주름개선,모든피부,https://belifmall.com/web/product/big/202309/87669134dbb0daa43214cc4c7dd8e384.jpg,한국비건인증원
빌리프,한국,로션/크림,피트 미라클 리바이탈 아이크림 25ml,BF18,58000,"정제수,다이프로필렌글라이콜,글리세린,카프릴릭/카프릭트라이글리세라이드,사이클로펜타실록세인,글리세릴스테아레이트,하이드로제네이티드폴리데센,네오펜틸글라이콜다이카프레이트,1❤️2-헥산다이올,시어버터,세테아릴알코올,폴리글리세릴-3메틸글루코오스다이스테아레이트,C14-22알코올,판테놀,피이지-100스테아레이트,토탄추출물,아이브라이트추출물,스페인감초뿌리추출물,서양톱풀꽃추출물,가시칠엽수잎추출물,바위돌꽃뿌리추출물,빌베리열매추출물,쇠뜨기잎추출물,레이디스맨틀잎추출물,삼색제비꽃추출물,다마스크장미꽃추출물,메도우스위트꽃추출물,마시멜로뿌리추출물,귀리커넬추출물,포트마리골드꽃추출물,개박하추출물,라즈베리잎추출물,와일드인디고뿌리추출물,별꽃추출물,아미노부티릭애씨드,토코페롤,바이오사카라이드검-1,쇠비름추출물,적색산화철,다이메티콘,솔비탄스테아레이트,호호바에스터,부틸렌글라이콜,C12-20알킬글루코사이드,암모늄아크릴로일다이메틸타우레이트/브이피코폴리머,아크릴레이트/C10-30알킬아크릴레이트크로스폴리머,트로메타민,트라이소듐이디티에이,티타늄디옥사이드,마이카,페녹시에탄올,오렌지껍질오일,센티드제라늄꽃오일,다마스크장미꽃오일,시트로넬올,리모넨,제라니올,리날룰",주름개선,모든피부,https://belifmall.com/web/product/big/202309/ea979d15477f5471c8a947452c551714.jpg,한국비건인증원
빌리프,한국,로션/크림,피트 미라클 리바이탈 크림 50ml,BF19,66000,"정제수,다이프로필렌글라이콜,글리세린,카프릴릭/카프릭트라이글리세라이드,하이드로제네이티드폴리아이소부텐,트라이에틸헥사노인,사이클로펜타실록세인,1❤️2-헥산다이올,세테아릴알코올,C14-22알코올,글리세릴스테아레이트,실리카,탱자추출물,판테놀,퍼플루오로노닐에틸스테아릴다이메티콘,호호바에스터,토탄추출물,아이브라이트추출물,감초추출물,서양톱풀꽃추출물,가시칠엽수잎추출물,바위돌꽃뿌리추출물,빌베리열매추출물,쇠뜨기잎추출물,귀리커넬추출물,포트마리골드꽃추출물,개박하추출물,라즈베리잎추출물,와일드인디고뿌리추출물,별꽃추출물,레이디스맨틀잎추출물,삼색제비꽃추출물,다마스크장미꽃추출물,메도우스위트꽃추출물,마시멜로뿌리추출물,세라마이드엔피,피토스핑고신,세테아릴올리베이트,수크로오스폴리스테아레이트,하이드로제네이티드레시틴,피이지-10레이프씨드스테롤,글리세레스-20,세틸팔미테이트,솔비탄팔미테이트,솔비탄올리베이트,피이지-100스테아레이트,C12-20알킬글루코사이드,나이아신아마이드,알라닐글루타민,다이메티콘,암모늄아크릴로일다이메틸타우레이트/브이피코폴리머,카보머,잔탄검,마이카,티타늄디옥사이드,적색산화철,트라이소듐이디티에이,포타슘하이드록사이드,향료,시트로넬올,리모넨,제라니올,리날룰",생기,모든피부,https://belifmall.com/web/product/big/202309/1366a143a385bb32e5e8a2e6365ce4c3.jpg,한국비건인증원
빌리프,한국,로션/크림,더 트루 크림-안티에이징 소프트 밤 75ml,BF20,72000,"정제수,글리세린,프로판다이올,하이드로제네이티드폴리데센,시어버터,사이클로펜타실록세인,아이소스테아릴아이소스테아레이트,1❤️2-헥산다이올,글리세릴스테아레이트,폴리글리세릴-3메틸글루코오스다이스테아레이트,피이지-5펜타에리스리틸에터,피피지-5펜타에리스리틸에터,판테놀,베타인,엘더추출물,에버라스팅추출물,용설란잎추출물,귀리커넬추출물,포트마리골드꽃추출물,개박하추출물,라즈베리잎추출물,와일드인디고뿌리추출물,별꽃추출물,레이디스맨틀잎추출물,삼색제비꽃추출물,다마스크장미꽃추출물,메도우스위트꽃추출물,마시멜로뿌리추출물,아이브라이트추출물,감초추출물,서양톱풀꽃추출물,가시칠엽수잎추출물,바위돌꽃뿌리추출물,빌베리열매추출물,쇠뜨기잎추출물,카프릴릭/카프릭트라이글리세라이드,하이드록시프롤린,세라마이드엔피,베타-글루칸,라즈베리추출물,하이드로제네이티드레시틴,육두구추출물,부틸렌글라이콜,스쿠알란,포스포리피드,다이메티콘,글라이코스핑고리피드,돌콩스테롤,비스-피이지-18메틸에터다이메틸실레인,스테아릭애씨드,세테아릴알코올,하이드록시에틸아크릴레이트/소듐아크릴로일다이메틸타우레이트코폴리머,세틸알코올,다이메티콘/비닐다이메티콘크로스폴리머,베헤닐알코올,스테아릴알코올,잔탄검,아크릴레이트/C10-30알킬아크릴레이트크로스폴리머,트로메타민,폴리솔베이트60,피토스테릴/이소스테아릴/세틸/스테아릴/베헤닐다이머디리놀리에이트,피이지-20피토스테롤,피이지-100스테아레이트,트라이소듐이디티에이,콜레스테롤,아라키딜알코올,소듐메틸스테아로일타우레이트,피토스테롤,아라키딜글루코사이드,마이크로크리스탈린셀룰로오스,카보머,셀룰로오스검,소듐시트레이트,시트릭애씨드,오렌지껍질오일,라임전초오일,로즈마리잎오일,센티드제라늄꽃오일,시트랄,시트로넬올,제라니올,리모넨,리날룰",주름개선,모든피부,https://belifmall.com/web/product/big/202309/11eefdc307c637383d6437d3f6bc5915.jpg,한국비건인증원
빌리프,한국,로션/크림,빌리프 프라블럼 솔루션 비건 모이스춰라이저,BF21,46000,"정제수,글리세린,1❤️2-헥산다이올,세틸에틸헥사노에이트,글리세릴스테아레이트,와일드인디고뿌리추출물,귀리커넬추출물,포트마리골드꽃추출물,개박하추출물,라즈베리잎추출물,별꽃추출물,라벤더꽃추출물,우엉뿌리추출물,로즈마리잎추출물,에키네시아추출물,4-터피네올,토타롤,유칼립투스잎추출물,폴스애플민트잎추출물,로즈힙열매추출물,티트리추출물,부틸렌글라이콜,세테아릴알코올,판테놀,트라이에틸헥사노인,스쿠알란,세틸팔미테이트,하이드로제네이티드에틸헥실올리베이트,솔비탄올리베이트,솔비탄팔미테이트,솔비탄스테아레이트,트로메타민,베타인,카보머,아크릴레이트/C10-30알킬아크릴레이트크로스폴리머,하이드로제네이티드올리브오일불검화물,글리세릴아크릴레이트/아크릴릭애씨드코폴리머,병풀추출물,트라이소듐이디티에이,호장근뿌리추출물,황금추출물,녹차추출물,스페인감초뿌리추출물,마트리카리아꽃추출물,오렌지껍질오일,센티드제라늄꽃오일,리모넨,시트로넬올,제라니올,리날룰",트러블 진정,민감성,https://belifmall.com/web/product/big/202309/f35f2e6823fde31a033c4c84e395aa02.jpg,한국비건인증원
빌리프,한국,로션/크림,모이스춰라이징 아이 밤 25ml 아이크림,BF22,53000,"정제수,다이프로필렌글라이콜,부틸렌글라이콜,글리세린,스쿠알란,사이클로펜타실록세인,카프릴릴트라이메티콘,다이메티콘,에이치디아이/트라이메틸올헥실락톤크로스폴리머,수크로오스폴리스테아레이트,1❤️2-헥산다이올,피씨에이다이메티콘,판테놀,트라이에틸헥사노인,셀룰로오스,세라마이드엔피,병풀잎추출물,귀리커넬추출물,포트마리골드꽃추출물,개박하추출물,라즈베리잎추출물,와일드인디고뿌리추출물,별꽃추출물,레이디스맨틀잎추출물,삼색제비꽃추출물,다마스크장미꽃추출물,메도우스위트꽃추출물,마시멜로뿌리추출물,서양톱풀꽃추출물,컴프리잎추출물,붉은토끼풀꽃추출물,조름나물잎추출물,흰버드나무껍질추출물,다이메티콘/비닐다이메티콘크로스폴리머,실리카,하이드로제네이티드폴리아이소부텐,글리세릴스테아레이트,피이지-100스테아레이트,하이드로제네이티드레시틴,피이지-10레이프씨드스테롤,글리세레스-20,C14-22알코올,C12-20알킬글루코사이드,하이드록시에틸아크릴레이트/소듐아크릴로일다이메틸타우레이트코폴리머,폴리솔베이트60,하이드록시프롤린,카보머,트로메타민,트라이소듐이디티에이,오렌지껍질오일,라임전초오일,로즈마리잎오일,센티드제라늄꽃오일,시트랄,시트로넬올,리모넨,제라니올,리날룰","수분공급,주름개선",모든피부,https://belifmall.com/web/product/big/202309/fd85c8e07262dc84390a5c062add3dca.jpg,한국비건인증원
빌리프,한국,로션/크림,밀키 모이스처라이저 하이드라 밸런싱 125ml,BF23,44000,"정제수,다이프로필렌글라이콜,글리세린,트라이에틸헥사노인,1❤️2-헥산다이올,헥실데실에틸헥사노에이트,펜타에리스리틸테트라에틸헥사노에이트,글리세릴스테아레이트,사이클로펜타실록세인,귀리커넬추출물,포트마리골드꽃추출물,개박하추출물,라즈베리잎추출물,와일드인디고뿌리추출물,별꽃추출물,레이디스맨틀잎추출물,마시멜로뿌리추출물,다마스크장미꽃추출물,메도우스위트꽃추출물,삼색제비꽃추출물,몰로키아잎추출물,베르가못잎추출물,살비아잎추출물,C14-22알코올,세테아릴알코올,다이메티콘,판테놀,피이지-100스테아레이트,피이지-5글리세릴스테아레이트,C12-20알킬글루코사이드,카보머,트로메타민,부틸렌글라이콜,잔탄검,트라이소듐이디티에이,티타늄디옥사이드,마이카,적색산화철,오렌지껍질오일,라임전초오일,로즈마리잎오일,센티드제라늄꽃오일,시트로넬올,리모넨",생기,"중성,복합성",https://belifmall.com/web/product/big/202309/489ed1b68cb4b00205cebb0f1d4e073c.jpg,한국비건인증원
빌리프,한국,로션/크림,클래식 크림 얼티미트 50ml,BF24,53000,"정제수,다이프로필렌글라이콜,글리세린,스쿠알란,올리브오일,카프릴릭/카프릭트라이글리세라이드,쿠푸아수씨버터,사이클로펜타실록세인,글리세릴스테아레이트,1❤️2-헥산다이올,C14-22알코올,수크로오스폴리스테아레이트,세테아릴알코올,우레아,판테놀,호호바에스터,하이드록시에틸피페라진에탄설포닉애씨드,에델바이스추출물,라즈베리잎추출물,개박하추출물,포트마리골드꽃추출물,귀리커넬추출물,별꽃추출물,와일드인디고뿌리추출물,삼색제비꽃추출물,메도우스위트꽃추출물,다마스크장미꽃추출물,마시멜로뿌리추출물,레이디스맨틀잎추출물,스위트아몬드오일,로즈마리잎오일,장미꽃오일,라벤더오일,캐모마일꽃오일,포트마리골드꽃오일,보리지씨오일,병풀추출물,황금추출물,호장근추출물,감초추출물,녹차추출물,로즈마리잎추출물,캐모마일꽃추출물,잇꽃꽃추출물,세라마이드엔피,세라마이드엔지,콜레스테롤,피토스핑고신,리놀레익애씨드,스테아릭애씨드,레시틴,하이드로제네이티드레시틴,피씨에이,알지닌,세린,히스티딘에이치씨엘,알라닌,트레오닌,글루타믹애씨드,수크로오스,글라이코젠,시트룰린,라이신에이치씨엘,토코페롤,소듐아스코베이트,베타-시토스테롤,다이팔미토일하이드록시프롤린,만니톨,잔탄검,카보머,암모늄아크릴로일다이메틸타우레이트/브이피코폴리머,부틸렌글라이콜,다이메티콘,글리세레스-20,세테아릴올리베이트,솔비탄올리베이트,피이지-100스테아레이트,퍼플루오로노닐에틸스테아릴다이메티콘,C12-20알킬글루코사이드,세틸팔미테이트,하이드로제네이티드폴리아이소부텐,트라이에틸헥사노인,솔비탄팔미테이트,하이드로제네이티드폴리데센,포타슘C12-13알킬포스페이트,피이지-10레이프씨드스테롤,트로메타민,트라이소듐이디티에이,티타늄디옥사이드,적색산화철,마이카,향료,시트랄,시트로넬올,리모넨,제라니올,리날룰","보습,영양",건성,https://belifmall.com/web/product/big/202309/afa5a2a88d8101564de8f92bf4a2f776.jpg,한국비건인증원
빌리프,한국,로션/크림,시카 밤 크림 50ml,BF25,49000,"정제수,글리세린,사이클로헥사실록세인,프로판다이올,폴리글리세릴-4카프레이트,1❤️2-헥산다이올,하이드로제네이티드올리브오일스테아릴에스터,하이드로제네이티드폴리데센,세틸팔미테이트,판테놀,마데카소사이드,병풀잎추출물,베타-글루칸,라즈베리잎추출물,개박하추출물,포트마리골드꽃추출물,귀리커넬추출물,와일드인디고뿌리추출물,별꽃추출물,쐐기풀잎추출물,쇠뜨기잎추출물,레이디스맨틀잎추출물,소듐하이알루로네이트,하이드롤라이즈드하이알루로닉애씨드,솔비탄스테아레이트,솔비탄아이소스테아레이트,카프릴릭/카프릭트라이글리세라이드,아크릴레이트/C10-30알킬아크릴레이트크로스폴리머,스쿠알란,부틸렌글라이콜,트라이데실스테아레이트,트라이데실트라이멜리테이트,아이소헥사데칸,하이드로제네이티드식물성오일,호호바에스터,하이드록시에틸아크릴레이트/소듐아크릴로일다이메틸타우레이트코폴리머,트로메타민,폴리글리세릴-10스테아레이트,다이펜타에리스리틸헥사카프릴레이트/헥사카프레이트,하이드로제네이티드올리브오일불검화물,트라이소듐이디티에이,폴리솔베이트60,토코페롤,라임전초오일,로즈마리잎오일,오렌지껍질오일,센티드제라늄꽃오일,시트랄,시트로넬올,제라니올,리모넨,리날룰","보습,진정",민감성,https://belifmall.com/web/product/big/202309/e2fb88e6e2538525b1537f446aa0fa70.jpg,한국비건인증원
빌리프,한국,로션/크림,에이지 넉다운 V크림 50ml,BF26,99000,"정제수,글리세린,부틸렌글라이콜,스쿠알란,아이소스테아릴아이소스테아레이트,카프릴릭/카프릭트라이글리세라이드,다이메티콘,1❤️2-헥산다이올,글리세릴스테아레이트,시어버터,세테아릴알코올,판테놀,트레할로오스,세테아릴글루코사이드,수크로오스폴리스테아레이트,피이지-100스테아레이트,귀리커넬추출물,포트마리골드꽃추출물,개박하추출물,라즈베리잎추출물,와일드인디고뿌리추출물,별꽃추출물,서양톱풀꽃추출물,아이브라이트추출물,스페인감초뿌리추출물,가시칠엽수잎추출물,쇠뜨기잎추출물,바위돌꽃뿌리추출물,빌베리열매추출물,육두구추출물,병풀잎추출물,감국꽃추출물,히더추출물,와일드티즐추출물,피버퓨추출물,세틸알코올,스테아릴알코올,피토스테릴/옥틸도데실라우로일글루타메이트,세린,C14-22알코올,하이드로제네이티드레시틴,세드롤,암모늄아크릴로일다이메틸타우레이트/브이피코폴리머,덱스트린팔미테이트,폴리아크릴레이트-13,세라마이드엔피,마카다미아씨오일,트라이에틸헥사노인,토코페롤,알지닌,세틸팔미테이트,아라키딜글루코사이드,폴리아이소부텐,수크로오스스테아레이트,스테아릭애씨드,소듐하이알루로네이트,잔탄검,팔미틱애씨드,콜레스테롤,폴리솔베이트20,솔비탄아이소스테아레이트,글라이코스핑고리피드,돌콩오일,카보머,티타늄디옥사이드,마이카,적색산화철,트로메타민,트라이소듐이디티에이,오렌지껍질오일,라임전초오일,센티드제라늄꽃오일,로즈마리잎오일,시트랄,시트로넬올,리모넨,제라니올,리날룰","영양,탄력,주름개선",모든피부,https://belifmall.com/web/product/big/202309/290e045c66b21feece629b35cf4ac4fa.jpg,한국비건인증원
빌리프,한국,로션/크림,크리미 모이스처라이저 딥 모이스트 125ml,BF27,44000,"정제수,하이드로제네이티드폴리데센,글리세린,다이프로필렌글라이콜,펜타에리스리틸테트라에틸헥사노에이트,1❤️2-헥산다이올,글리세릴스테아레이트,폴리글리세릴-3메틸글루코오스다이스테아레이트,베타인,판테놀,귀리커넬추출물,포트마리골드꽃추출물,개박하추출물,라즈베리잎추출물,와일드인디고뿌리추출물,별꽃추출물,레이디스맨틀잎추출물,마시멜로뿌리추출물,다마스크장미꽃추출물,메도우스위트꽃추출물,삼색제비꽃추출물,몰로키아잎추출물,버지니아풍년화추출물,커먼자스민추출물,세테아릴알코올,피이지-100스테아레이트,다이메티콘,스테아릭애씨드,카보머,트로메타민,부틸렌글라이콜,잔탄검,덱스트린,카카오씨추출물,트라이소듐이디티에이,오렌지껍질오일,라임전초오일,로즈마리잎오일,센티드제라늄꽃오일,시트로넬올,리모넨","수분공급,영양",건성,https://belifmall.com/web/product/big/202309/b628402032117a41e2f9f00a6453d106.jpg,한국비건인증원
빌리프,한국,로션/크림,빌리프 아쿠아 밤 75ml 수분크림,BF28,62000,"정제수,다이프로필렌글라이콜,글리세린,메틸트라이메티콘,변성알코올,다이메티콘,사이클로펜타실록세인,1❤️2-헥산다이올,카프릴릭/카프릭트라이글리세라이드,피이지/피피지/폴리부틸렌글라이콜-8/5/3글리세린,펜타에리스리틸테트라에틸헥사노에이트,폴리메틸실세스퀴옥세인,판테놀,피이지-150,펜타에리스리틸테트라아이소스테아레이트,귀리커넬추출물,포트마리골드꽃추출물,개박하추출물,라즈베리잎추출물,와일드인디고뿌리추출물,별꽃추출물,레이디스맨틀잎추출물,쇠뜨기잎추출물,쐐기풀잎추출물,페닐트라이메티콘,하이드록시에틸아크릴레이트/소듐아크릴로일다이메틸타우레이트코폴리머,카보머,트로메타민,스쿠알란,피이지-40하이드로제네이티드캐스터오일,다이메티콘올,아크릴레이트/C10-30알킬아크릴레이트크로스폴리머,C14-22알코올,폴리솔베이트60,부틸렌글라이콜,마카다미아씨오일,말라카이트추출물,트라이에틸헥사노인,트라이소듐이디티에이,아라키딜글루코사이드,시어버터,하이드로제네이티드레시틴,솔비탄아이소스테아레이트,글리세릴스테아레이트,스테아릭애씨드,세라마이드엔피,콜레스테롤,피이지-100스테아레이트,로즈마리잎오일,라임전초오일,센티드제라늄꽃오일,오렌지껍질오일,시트랄,시트로넬올,리모넨,제라니올,리날룰",수분공급,모든피부,https://belifmall.com/web/product/big/202309/3f0a1007e87aa461fe9f82215d7b7138.jpg,한국비건인증원
빌리프,한국,에센스/세럼/앰플,에이지 넉다운 밤 50ml,BF29,75000,"정제수,글리세린,다이프로필렌글라이콜,피이지/피피지/폴리부틸렌글라이콜-8/5/3글리세린,글리세릴폴리메타크릴레이트,다이메티콘,1❤️2-헥산다이올,피이지-150,메틸트라이메티콘,판테놀,페닐트라이메티콘,프로필렌글라이콜,귀리커넬추출물,포트마리골드꽃추출물,개박하추출물,라즈베리잎추출물,와일드인디고뿌리추출물,별꽃추출물,아이브라이트추출물,감초추출물,서양톱풀꽃추출물,가시칠엽수잎추출물,바위돌꽃뿌리추출물,빌베리열매추출물,쇠뜨기잎추출물,감국꽃추출물,병풀잎추출물,부틸렌글라이콜,세드롤,아데노신,세린,하이드로제네이티드레시틴,세라마이드엔피,글리세릴스테아레이트,글리세레스-20,베타-글루칸,바이오사카라이드검-1,카프릴릭/카프릭트라이글리세라이드,스쿠알란,시어버터,피이지-10레이프씨드스테롤,스테아릭애씨드,트로메타민,마이카,티타늄디옥사이드,적색산화철,사이클로펜타실록세인,다이메티콘올,피토스테릴/이소스테아릴/세틸/스테아릴/베헤닐다이머디리놀리에이트,아크릴레이트/C10-30알킬아크릴레이트크로스폴리머,아라키딜알코올,베헤닐알코올,아라키딜글루코사이드,잔탄검,폴리메틸실세스퀴옥세인,에틸헥실글리세린,세테아릴알코올,트라이소듐이디티에이,알진,피이지-60하이드로제네이티드캐스터오일,카보머,소듐폴리아크릴레이트,콜레스테롤,오렌지껍질오일,라임전초오일,로즈마리잎오일,센티드제라늄꽃오일,시트랄,시트로넬올,리모넨,제라니올,리날룰","탄력,안티에이징",모든피부,https://belifmall.com/web/product/big/202309/47acaba7226d7d8e9d0531a5e239f59a.jpg,한국비건인증원
빌리프,한국,에센스/세럼/앰플,빌리프 프라블럼 솔루션 비건 스팟 젤,BF30,28000,"정제수,부틸렌글라이콜,다이프로필렌글라이콜,글리세린,카프릴릭/카프릭트라이글리세라이드,1❤️2-헥산다이올,판테놀,세테아릴알코올,글리세릴스테아레이트,귀리커넬추출물,포트마리골드꽃추출물,개박하추출물,라즈베리잎추출물,와일드인디고뿌리추출물,별꽃추출물,우엉뿌리추출물,로즈마리잎추출물,라벤더꽃추출물,에키네시아추출물,티트리추출물,유칼립투스잎추출물,폴스애플민트잎추출물,로즈힙열매추출물,육두구추출물,일본목련나무껍질추출물,당근추출물,해바라기씨오일,당근씨오일,돌콩오일,마카다미아씨오일,레틴알,토타롤,4-터피네올,세라마이드엔피,베타-카로틴,피토스테릴/베헤닐/옥틸도데실라우로일글루타메이트,유채스테롤,펜타에리스리틸테트라-다이-t-부틸하이드록시하이드로신나메이트,토코페롤,카르니틴,알란토인,살리실릭애씨드,콜레스테롤,트라이소듐이디티에이,스테아릴글리시레티네이트,다이포타슘글리시리제이트,하이드로제네이티드레시틴,코코-카프릴레이트/카프레이트,포타슘세틸포스페이트,소듐카보머,폴리글리세릴-10라우레이트,실리카,다이소듐이디티에이,오렌지껍질오일,센티드제라늄꽃오일,리모넨,시트로넬올,제라니올,리날룰,시트랄","진정,트러블",민감성,https://belifmall.com/web/product/big/202309/560ee6304d6ee6bb351621fee7501e7f.jpg,한국비건인증원
빌리프,한국,에센스/세럼/앰플,에이지 넉다운 아이 세럼 25ml,BF31,65000,"정제수,카프릴릭/카프릭트라이글리세라이드,프로판다이올,글리세린,오일팜오일,시어버터,마카다미아씨오일,1❤️2-헥산다이올,베타인,오일팜커넬오일,베헤닐알코올,트라이-C14-15알킬시트레이트,귀리커넬추출물,포트마리골드꽃추출물,개박하추출물,라즈베리잎추출물,와일드인디고뿌리추출물,별꽃추출물,서양톱풀꽃추출물,아이브라이트추출물,스페인감초뿌리추출물,가시칠엽수잎추출물,쇠뜨기잎추출물,바위돌꽃뿌리추출물,빌베리열매추출물,화이트루핀씨추출물,카프릴릭/카프릭글리세라이즈,카보머,부틸렌글라이콜,트로메타민,다이소듐이디티에이,폴리글리세린-3,돌콩추출물,아데노신,락토바실러스/콩발효추출물,효모/감자추출물발효여과물,소듐폴리아크릴레이트,효모/보리씨발효여과물,세린,알지닌,해바라기씨오일,시트릭애씨드,소듐하이알루로네이트,병풀잎추출물,감국꽃추출물,퉁퉁마디추출물,세드롤,토코페롤,팔미틱애씨드,스테아릭애씨드,티타늄디옥사이드,마이카,적색산화철,오렌지껍질오일,라임전초오일,센티드제라늄꽃오일,로즈마리잎오일,리모넨,시트로넬올,제라니올,시트랄,리날룰",안티에이징,모든피부,https://belifmall.com/web/product/big/202309/ff7455ad253fa39119bcbafa40a0018c.jpg,한국비건인증원
빌리프,한국,에센스/세럼/앰플,뉴메로 10 에센스 50ml 수분에센스,BF32,27000,"정제수,글리세린,변성알코올,다이프로필렌글라이콜,부틸렌글라이콜,1❤️2-헥산다이올,트레할로오스,바위손추출물,귀리커넬추출물,포트마리골드꽃추출물,개박하추출물,라즈베리잎추출물,와일드인디고뿌리추출물,별꽃추출물,레이디스맨틀잎추출물,삼색제비꽃추출물,다마스크장미꽃추출물,메도우스위트꽃추출물,마시멜로뿌리추출물,베타인,판테놀,아이리쉬모스추출물,암모늄아크릴로일다이메틸타우레이트/브이피코폴리머,피이지-40하이드로제네이티드캐스터오일,옥틸도데세스-16,카보머,글리세릴아크릴레이트/아크릴릭애씨드코폴리머,소듐폴리아크릴레이트,트로메타민,트라이소듐이디티에이,오렌지껍질오일,라임전초오일,로즈마리잎오일,센티드제라늄꽃오일,리모넨,시트로넬올,제라니올,시트랄,리날룰","수분공급,윤기",모든피부,https://belifmall.com/web/product/big/202308/c2f88f944b3a7ac1017ee11f1dba95b8.jpg,한국비건인증원
빌리프,한국,에센스/세럼/앰플,더 화이트 디콕션-얼티미트 브라이트닝 에센스 50ml,BF33,64000,"정제수,사이클로펜타실록세인,글리세린,다이프로필렌글라이콜,베타인,나이아신아마이드,1❤️2-헥산다이올,헥실데실에틸헥사노에이트,변성알코올,판테놀,소듐하이알루로네이트,히더추출물,피버퓨추출물,와일드티즐추출물,귀리커넬추출물,포트마리골드꽃추출물,개박하추출물,라즈베리잎추출물,와일드인디고뿌리추출물,별꽃추출물,서양톱풀꽃추출물,다마스크장미꽃추출물,라벤더꽃추출물,캐모마일꽃추출물,타임꽃/잎추출물,부들레야추출물,개똥쑥추출물,님잎추출물,녹차추출물,다이메티콘,다이메티콘올,다이메티콘/비닐다이메티콘크로스폴리머,피이지-240/에이치디아이코폴리머비스-데실테트라데세스-20에터,아크릴레이트/C10-30알킬아크릴레이트크로스폴리머,합성플루오르플로고파이트,티타늄디옥사이드,틴옥사이드,트로메타민,트라이소듐이디티에이,향료,시트랄,시트로넬올,리모넨,제라니올,리날룰",미백,모든피부,https://belifmall.com/web/product/big/202309/451333e8234bd75fca3de493e1dfc53c.jpg,한국비건인증원
빌리프,한국,에센스/세럼/앰플,맨올로지 101 스마트 리차저 50ml,BF34,30000,"정제수,부틸렌글라이콜,글리세린,에틸아이소스테아레이트,글리세레스-26,1❤️2-헥산다이올,비스-피이지-18메틸에터다이메틸실레인,하이드로제네이티드폴리데센,카프릴릭/카프릭트라이글리세라이드,서양톱풀추출물,딜추출물,피버퓨추출물,캐모마일꽃추출물,서양톱풀꽃추출물,라벤더꽃추출물,다마스크장미꽃추출물,귀리커넬추출물,판테놀,아크릴레이트/C10-30알킬아크릴레이트크로스폴리머,트로메타민,잔탄검,트라이소듐이디티에이,라임전초오일,베르가모트오일,라벤더오일,단향오일,캐모마일꽃오일","보습,수분",모든피부,https://belifmall.com/web/product/big/202309/37a9e4788dfedda9c2e384c3f760bbd6.jpg,한국비건인증원
빌리프,한국,에센스/세럼/앰플,슈퍼 드랍스-히알루씨드 11% 30ml,BF35,80000,"정제수,변성알코올,글리세린,알로에베라잎즙,프로판다이올,펜틸렌글라이콜,1❤️2-헥산다이올,부틸렌글라이콜,하이드롤라이즈드하이알루로닉애씨드,소듐하이알루로네이트,하이드롤라이즈드소듐하이알루로네이트,소듐하이알루로네이트크로스폴리머,하이드록시프로필트라이모늄하이알루로네이트,페룰릭애씨드,알로에베라잎폴리사카라이드,개박하추출물,귀리커넬추출물,라즈베리잎추출물,포트마리골드꽃추출물,와일드인디고뿌리추출물,별꽃추출물,레이디스맨틀잎추출물,쇠뜨기잎추출물,쐐기풀잎추출물,하이드로제네이티드레시틴,병풀잎추출물,세라마이드엔피,마카다미아씨오일,올리브오일,포도씨오일,호호바씨오일,흰목이버섯폴리사카라이드,도코사헥사에노익애씨드,수크로오스스테아레이트,트라이소듐이디티에이,콜레스테롤,에틸헥실글리세린,토코페롤,리놀레익애씨드,팔미틱애씨드,수용성프로테오글리칸,해바라기씨오일,돌콩단백질,수크로오스팔미테이트,폴리글리세릴-10스테아레이트,폴리글리세릴-10올리에이트,암모늄폴리아크릴로일다이메틸타우레이트,트로메타민,라임전초오일,오렌지껍질오일,로즈마리잎오일,센티드제라늄꽃오일,리날룰,리모넨,시트랄,시트로넬올,제라니올",수분,모든피부,https://belifmall.com/web/product/big/202309/fa38fca04f57840108e03874ad6ea8b7.jpg,한국비건인증원
빌리프,한국,에센스/세럼/앰플,허브 부케 컨센트레이트 세럼 50ml/80ml,BF36,60000,"정제수,글리세린,레몬밤꽃/잎/줄기수,로즈마리잎수,타임잎수,다이메티콘,2❤️3-부탄다이올,1❤️2-헥산다이올,판테놀,포도덩굴수액,서양톱풀추출물,꿀풀추출물,서양민들레뿌리줄기/뿌리추출물,드럼스틱씨오일,스위트아몬드오일,장미꽃오일,장미추출물,와일드인디고뿌리추출물,귀리커넬추출물,포트마리골드꽃추출물,개박하추출물,라즈베리잎추출물,별꽃추출물,아스코빅애씨드,나이아신아마이드,토코페롤,아스코빌팔미테이트,세린,돌콩추출물,락토바실러스발효물,울금뿌리추출물,해바라기씨오일,아데노신,소듐하이알루로네이트,돌콩오일,덱스트린,카카오씨추출물,인도멀구슬나무잎추출물,인도멀구슬나무꽃추출물,당근씨오일,당근추출물,베타-카로틴,아이비고드열매추출물,가지열매추출물,호박가루,홀리바질잎추출물,참산호말추출물,글리세릴아크릴레이트/아크릴릭애씨드코폴리머,아크릴레이트/C10-30알킬아크릴레이트크로스폴리머,카프릴릭/카프릭트라이글리세라이드,암모늄아크릴로일다이메틸타우레이트/브이피코폴리머,다이펜타에리스리틸헥사하이드록시스테아레이트/헥사스테아레이트/헥사로지네이트,부틸렌글라이콜,트로메타민,카보머,다이페닐다이메티콘,센티드제라늄꽃오일,오렌지껍질오일,라임전초오일,로즈마리잎오일,리날룰,리모넨,시트랄,시트로넬올,제라니올",피부결개선,모든피부,https://belifmall.com/web/product/big/202309/6ffa1affc4bb6c06613bb7a162570659.jpg,한국비건인증원
빌리프,한국,에센스/세럼/앰플,리추얼 타임-아너드 팅쳐 오브 카모마일 75ml,BF37,53000,"정제수,1❤️2-헥산다이올,에탄올,마트리카리아꽃추출물,캐모마일꽃추출물,피이지-150,나이아신아마이드,피이지-8,귀리커넬추출물,포트마리골드꽃추출물,개박하추출물,라즈베리잎추출물,와일드인디고뿌리추출물,별꽃추출물,락토바실러스/콩발효추출물,효모/보리씨발효여과물,효모/감자추출물발효여과물,꿀,비니거,베타-글루칸,다이프로필렌글라이콜,글리세린,부틸렌글라이콜,판테놀,글리세레스-26,소듐하이알루로네이트,아데노신,트레할로오스,다이포타슘글리시리제이트,에틸헥실글리세린,글루코실헤스페리딘,피이지-14M,피이지-60하이드로제네이티드캐스터오일,소듐시트레이트,시트릭애씨드,트라이소듐이디티에이,오렌지껍질오일,라임전초오일,로즈마리잎오일,센티드제라늄꽃오일,시트랄,시트로넬올,리모넨,제라니올,리날룰",안티에이징,모든피부,https://belifmall.com/web/product/big/202309/1c129dad4545308702a477ab36bcd32d.jpg,한국비건인증원
빌리프,한국,에센스/세럼/앰플,리추얼 타임-아너드 팅쳐 오브 카모마일 150ml,BF38,105000,"정제수,1❤️2-헥산다이올,에탄올,마트리카리아꽃추출물,캐모마일꽃추출물,피이지-150,나이아신아마이드,피이지-8,귀리커넬추출물,포트마리골드꽃추출물,개박하추출물,라즈베리잎추출물,와일드인디고뿌리추출물,별꽃추출물,락토바실러스/콩발효추출물,효모/보리씨발효여과물,효모/감자추출물발효여과물,꿀,비니거,베타-글루칸,다이프로필렌글라이콜,글리세린,부틸렌글라이콜,판테놀,글리세레스-26,소듐하이알루로네이트,아데노신,트레할로오스,다이포타슘글리시리제이트,에틸헥실글리세린,글루코실헤스페리딘,피이지-14M,피이지-60하이드로제네이티드캐스터오일,소듐시트레이트,시트릭애씨드,트라이소듐이디티에이,오렌지껍질오일,라임전초오일,로즈마리잎오일,센티드제라늄꽃오일,시트랄,시트로넬올,리모넨,제라니올,리날룰",안티에이징,모든피부,https://belifmall.com/web/product/big/202309/f96fc2bd856b2697b29a4885346b93e6.jpg,한국비건인증원
빌리프,한국,에센스/세럼/앰플,프라임 인퓨전 리페어 에센스 50ml,BF39,99000,"정제수,글리세린,마카다미아씨오일,부틸렌글라이콜,프로판다이올,다이메티콘,스쿠알란,올리브오일,1❤️2-헥산다이올,폴리글리세릴-3메틸글루코오스다이스테아레이트,세테아릴알코올,글리세릴스테아레이트,시어버터,나이아신아마이드,판테놀,아르니카몬타나꽃추출물,하이드로제네이티드레시틴,스테아릴알코올,베헤닉애씨드,베헤닐알코올,스테아릭애씨드,카보머,스피드웰추출물,소듐하이알루로네이트,잔탄검,트로메타민,카프릴릭/카프릭트라이글리세라이드,마이카,미리스틱애씨드,티타늄디옥사이드,아데노신,아라키딜알코올,귀리커넬추출물,포트마리골드꽃추출물,개박하추출물,라즈베리잎추출물,피토스테릴/이소스테아릴/세틸/스테아릴/베헤닐다이머디리놀리에이트,적색산화철,아라키딜글루코사이드,와일드인디고뿌리추출물,별꽃추출물,세라마이드엔피,콜레스테롤,오렌지껍질오일,센티드제라늄꽃오일,연필향나무오일,베르가모트오일,벤조인나무검,클레리오일,스타아니스열매/씨오일,일랑일랑꽃오일,클로브잎오일,리씨열매오일,피마자씨오일,시트로넬올,리모넨,제라니올,리날룰",주름개선,모든피부,https://belifmall.com/web/product/big/202309/bcb1205521b9288ead29647147a42155.jpg,한국비건인증원
빌리프,한국,에센스/세럼/앰플,피트 미라클 리바이탈 세럼 컨센트레이트 30ml,BF40,72000,"정제수,토탄추출물,다이프로필렌글라이콜,변성알코올,글리세린,메틸글루세스-20,부틸렌글라이콜,락토바실러스/콩발효추출물,1❤️2-헥산다이올,피이지-150,아미노부티릭애씨드,다마스크장미꽃추출물,마시멜로뿌리추출물,메도우스위트꽃추출물,삼색제비꽃추출물,레이디스맨틀잎추출물,개박하추출물,귀리커넬추출물,라즈베리잎추출물,포트마리골드꽃추출물,별꽃추출물,와일드인디고뿌리추출물,감초추출물,서양톱풀꽃추출물,아이브라이트추출물,가시칠엽수잎추출물,바위돌꽃뿌리추출물,빌베리열매추출물,쇠뜨기잎추출물,소듐하이알루로네이트,효모/감자추출물발효여과물,효모/보리씨발효여과물,판테놀,카카오추출물,피이지-40하이드로제네이티드캐스터오일,글리세릴아크릴레이트/아크릴릭애씨드코폴리머,하이드록시에틸셀룰로오스,소듐폴리아크릴레이트,트라이소듐이디티에이,향료,시트로넬올,리모넨,제라니올,리날룰","영양,주름개선",모든피부,https://belifmall.com/web/product/big/202309/b414073fb61085964cdb95dcb2e220db.jpg,한국비건인증원
빌리프,한국,에센스/세럼/앰플,아쿠아 밤 리파이닝 앰플 세럼 50ml,BF41,70000,"정제수,글리세린,다이프로필렌글라이콜,1❤️2-헥산다이올,세린,글리세레스-26,변성알코올,피이지/피피지/폴리부틸렌글라이콜-8/5/3글리세린,귀리커넬추출물,포트마리골드꽃추출물,개박하추출물,라즈베리잎추출물,와일드인디고뿌리추출물,별꽃추출물,레이디스맨틀잎추출물,쇠뜨기잎추출물,쐐기풀잎추출물,피이지/피피지-17/6코폴리머,판테놀,다이메티콘,피이지-60하이드로제네이티드캐스터오일,암모늄아크릴로일다이메틸타우레이트/브이피코폴리머,베타인,소듐폴리아크릴레이트,카보머,글리세릴아크릴레이트/아크릴릭애씨드코폴리머,옥틸도데세스-16,트로메타민,락토바실러스발효물,울금뿌리추출물,하이드로제네이티드레시틴,소듐하이알루로네이트,베타-글루칸,메틸프로판다이올,마시멜로뿌리추출물,알지닌,트라이소듐이디티에이,시트릭애씨드,부틸렌글라이콜,오렌지껍질오일,라임전초오일,센티드제라늄꽃오일,로즈마리잎오일,리모넨,시트로넬올",수분공급,모든피부,https://belifmall.com/web/product/big/202309/c281d10b0b8a51369f9c31f13b6ac2f3.jpg,한국비건인증원
빌리프,한국,에센스/세럼/앰플,로즈 젬마 컨센트레이트 오일 30ml,BF42,66000,"카프릴릭/카프릭트라이글리세라이드,다이카프릴릴카보네이트,아이소노닐아이소노나노에이트,해바라기씨오일,동백나무씨오일,옥틸도데칸올,메틸하이드로제네이티드로지네이트,프로방스장미꽃,옥틸도데실자일로사이드,토코페롤,스위트아몬드오일,포트마리골드꽃오일,보리지씨오일,로즈마리잎오일,캐모마일꽃오일,라벤더오일,장미꽃오일,피피지-26-부테스-26,피이지-40하이드로제네이티드캐스터오일,향료,1❤️2-헥산다이올,정제수,시트랄,시트로넬올,리모넨,제라니올,리날룰,벤질살리실레이트",수분공급,모든피부,https://belifmall.com/web/product/big/202309/853c2187d162697dfeea752af5611dea.jpg,한국비건인증원
빌리프,한국,에센스/세럼/앰플,빌리프 프라블럼 솔루션 비건 에센스,BF43,50000,"정제수,다이프로필렌글라이콜,1❤️2-헥산다이올,글리세린,판테놀,헥실데실에틸헥사노에이트,하이드로제네이티드폴리데센,네오펜틸글라이콜다이카프레이트,폴리메틸메타크릴레이트,우엉뿌리추출물,라벤더꽃추출물,로즈마리잎추출물,에키네시아추출물,포트마리골드꽃추출물,귀리커넬추출물,개박하추출물,라즈베리잎추출물,와일드인디고뿌리추출물,별꽃추출물,4-터피네올,토타롤,일본목련나무껍질추출물,유칼립투스잎추출물,폴스애플민트잎추출물,로즈힙열매추출물,카르니틴,살리실릭애씨드,티트리추출물,다이카프릴릴에터,스테아릴알코올,C14-22알코올,폴리글리세릴-3다이스테아레이트,부틸렌글라이콜,솔비탄스테아레이트,폴리글리세릴-10스테아레이트,트로메타민,폴리글리세릴-10올리에이트,카보머,코코-카프릴레이트/카프레이트,아크릴레이트/C10-30알킬아크릴레이트크로스폴리머,C12-20알킬글루코사이드,글리세릴스테아레이트에스이,폴리글리세릴-3메틸글루코오스다이스테아레이트,암모늄아크릴로일다이메틸타우레이트/브이피코폴리머,티타늄디옥사이드,마이카,잔탄검,글리세릴스테아레이트시트레이트,트라이소듐이디티에이,적색산화철,토코페롤,오렌지껍질오일,센티드제라늄꽃오일,리모넨,시트로넬올,제라니올,리날룰","진정,트러블","지성,민감성",https://belifmall.com/web/product/big/202309/357550fa6be77a9ac3386d2adf21e506.jpg,한국비건인증원
빌리프,한국,에센스/세럼/앰플,아쿠아 밤 브라이트닝 앰플 세럼 50ml,BF44,70000,"정제수,프로판다이올,사이클로펜타실록세인,글리세린,다이프로필렌글라이콜,나이아신아마이드,1❤️2-헥산다이올,판테놀,귀리커넬추출물,포트마리골드꽃추출물,개박하추출물,라즈베리잎추출물,와일드인디고뿌리추출물,별꽃추출물,레이디스맨틀잎추출물,쐐기풀잎추출물,쇠뜨기잎추출물,라벤더꽃추출물,마트리카리아꽃추출물,서양톱풀꽃추출물,다마스크장미꽃추출물,검정콩오일,녹차오일,비타민나무열매오일,살구씨오일,아마씨오일,잇꽃씨오일,코튼씨오일,해바라기씨오일,다이메티콘크로스폴리머,당근씨오일,당근추출물,돌콩오일,베타-글루칸,베타-카로틴,부틸렌글라이콜,소듐폴리아크릴레이트,아데노신,아스코빌팔미테이트,암모늄아크릴로일다이메틸타우레이트/베헤네스-25메타크라일레이트크로스폴리머,카보머,카프릴릭/카프릭트라이글리세라이드,토코페롤,트라이소듐이디티에이,트로메타민,오렌지껍질오일,라임전초오일,로즈마리잎오일,센티드제라늄꽃오일,리모넨,시트로넬올,시트랄,제라니올,리날룰","수분공급,미백,주름개선",모든피부,https://belifmall.com/web/product/big/202309/5b08358e5af5e10f0b09a215c85d7511.jpg,한국비건인증원
빌리프,한국,에센스/세럼/앰플,헝가리언 워터 에센스 모이스춰 바인더 75ml,BF45,50000,"정제수,부틸렌글라이콜,글리세린,사이클로펜타실록세인,1❤️2-헥산다이올,판테놀,글리세레스-26,쇠비름추출물,탱자추출물,시어버터,세라마이드엔피,레시틴,하이드로제네이티드레시틴,커먼자스민꽃/잎추출물,개박하추출물,귀리커넬추출물,라즈베리잎추출물,포트마리골드꽃추출물,와일드인디고뿌리추출물,별꽃추출물,레이디스맨틀추출물,쇠뜨기잎추출물,쐐기풀잎추출물,로즈마리추출물,병풀추출물,로즈마리잎추출물,딜추출물,라벤더추출물,레몬밤잎추출물,서양톱풀추출물,레이디스맨틀추출물,살비아잎추출물,장미추출물,컴프리잎추출물,하수오뿌리추출물,자일리틸글루코사이드,호장근추출물,황금추출물,감초추출물,녹차추출물,캐모마일꽃추출물,안하이드로자일리톨,자일리톨,트라이소듐이디티에이,글리세릴스테아레이트,글리세레스-20,피이지-10레이프씨드스테롤,우레아,다이프로필렌글라이콜,사이클로헥사실록세인,폴리솔베이트60,하이드록시에틸아크릴레이트/소듐아크릴로일다이메틸타우레이트코폴리머,하이드록시에틸피페라진에탄설포닉애씨드,다이메티콘올,암모늄아크릴로일다이메틸타우레이트/브이피코폴리머,피이지/피피지-17/6코폴리머,다이메티콘,향료,시트로넬올,리모넨,시트랄,제라니올,리날룰",수분공급,모든피부,https://belifmall.com/web/product/big/202309/6043b1a947797fcde73209d824b2c506.jpg,한국비건인증원
빌리프,한국,에센스/세럼/앰플,헝가리언 워터 에센스 75ml,BF46,50000,"정제수,다이프로필렌글라이콜,글리세린,1❤️2-헥산다이올,로즈마리추출물,병풀추출물,라벤더추출물,살비아잎추출물,레몬밤잎추출물,컴프리잎추출물,서양톱풀추출물,딜추출물,레이디스맨틀추출물,장미추출물,귀리커넬추출물,포트마리골드꽃추출물,개박하추출물,라즈베리잎추출물,와일드인디고뿌리추출물,별꽃추출물,레이디스맨틀잎추출물,쇠뜨기잎추출물,쐐기풀잎추출물,쇠비름추출물,탱자추출물,소듐하이알루로네이트,부틸렌글라이콜,사이클로펜타실록세인,트라이에틸헥사노인,아크릴레이트/C10-30알킬아크릴레이트크로스폴리머,트로메타민,암모늄아크릴로일다이메틸타우레이트/브이피코폴리머,스클레로튬검,트라이소듐이디티에이,로즈마리잎오일,라임전초오일,센티드제라늄꽃오일,오렌지껍질오일,시트로넬올,리모넨",수분공급,모든피부,https://belifmall.com/web/product/big/202309/5d8ff3ab8c58fa29347cce5d91b115ef.jpg,한국비건인증원
빌리프,한국,에센스/세럼/앰플,슈퍼 드랍스-PHA 5% 30ml,BF47,80000,"정제수,프로판다이올,글루코노락톤,알지닌,다이에톡시에틸석시네이트,판테놀,하이드록시프로필사이클로덱스트린,별꽃추출물,레이디스맨틀잎추출물,쇠뜨기잎추출물,쐐기풀잎추출물,귀리커넬추출물,포트마리골드꽃추출물,개박하추출물,라즈베리잎추출물,와일드인디고뿌리추출물,알란토인,비니거,폴리글루타믹애씨드,바이오사카라이드검-1,소듐하이알루로네이트,베타-글루칸,1❤️2-헥산다이올,잔탄검,다이포타슘글리시리제이트,글리세린,부틸렌글라이콜,메틸프로판다이올,시트릭애씨드,피이지-40하이드로제네이티드캐스터오일,옥틸도데세스-16,에틸헥실글리세린,트라이소듐이디티에이,오렌지껍질오일,라임전초오일,센티드제라늄꽃오일,로즈마리잎오일,리모넨,시트로넬올,제라니올,시트랄,리날룰","피부결개선,각질개선",모든피부,https://belifmall.com/web/product/big/202309/eb7353fdd0aff8c89d58a7186c630b38.jpg,한국비건인증원
빌리프,한국,에센스/세럼/앰플,슈퍼 드랍스-나이아신H 10% 30ml,BF48,80000,"정제수,글리세린,다이프로필렌글라이콜,나이아신아마이드,트라이에틸헥사노인,펜타에리스리틸테트라에틸헥사노에이트,1❤️2-헥산다이올,판테놀,세린,알지닌,시트릭애씨드,서양민들레뿌리줄기/뿌리추출물,로즈힙열매오일,별꽃추출물,레이디스맨틀잎추출물,쇠뜨기잎추출물,쐐기풀잎추출물,귀리커넬추출물,포트마리골드꽃추출물,개박하추출물,라즈베리잎추출물,와일드인디고뿌리추출물,육두구추출물,트레할로오스,베타인,다이포타슘글리시리제이트,하이드롤라이즈드하이알루로닉애씨드,소듐하이알루로네이트,카프릴릭/카프릭트라이글리세라이드,부틸렌글라이콜,스클레로튬검,석시노글리칸,메틸글루코오스세스퀴스테아레이트,아크릴레이트/C10-30알킬아크릴레이트크로스폴리머,카보머,폴리메틸실세스퀴옥세인,트라이소듐이디티에이,트로메타민,라임전초오일,센티드제라늄꽃오일,로즈마리잎오일,오렌지껍질오일,리모넨,시트로넬올,제라니올,시트랄,리날룰","피부탄력,모공",모든피부,https://belifmall.com/web/product/big/202309/901243d7a15468d25cb969e5aea72b9a.jpg,한국비건인증원
빌리프,한국,에센스/세럼/앰플,슈퍼 드랍스-비타민C 8% 30ml,BF49,80000,"프로판다이올,아스코빅애씨드,변성알코올,판테놀,정제수,귀리커넬추출물,포트마리골드꽃추출물,개박하추출물,와일드인디고뿌리추출물,라즈베리잎추출물,별꽃추출물,레이디스맨틀잎추출물,쇠뜨기잎추출물,쐐기풀잎추출물,서양톱풀꽃추출물,다마스크장미꽃추출물,마트리카리아꽃추출물,라벤더꽃추출물,목련가지/꽃/잎추출물,비타민나무열매오일,해바라기씨오일,잇꽃씨오일,검정콩오일,코튼씨오일,아마씨오일,녹차오일,살구씨오일,3-O-에틸아스코빅애씨드,알파-비사보롤,포타슘하이드록사이드,육두구추출물,알란토인,마데카소사이드,부틸렌글라이콜,아데노신,다이소듐이디티에이,토코페롤,1❤️2-헥산다이올,카프릴릭/카프릭트라이글리세라이드,인도멀구슬나무잎추출물,인도멀구슬나무꽃추출물,울금뿌리추출물,홀리바질잎추출물,참산호말추출물,오렌지껍질오일,라임전초오일,로즈마리잎오일,센티드제라늄꽃오일,리모넨,시트로넬올,제라니올,시트랄,리날룰","광채,주름개선,미백",모든피부,https://belifmall.com/web/product/big/202309/53f3a9cfc1ec842a458a66601e37a746.jpg,한국비건인증원
빌리프,한국,에센스/세럼/앰플,맨올로지 스마트 모이스처 익스트림 100ml,BF50,48000,"정제수,부틸렌글라이콜,다이프로필렌글라이콜,글리세린,카프릴릭/카프릭트라이글리세라이드,피이지/피피지/폴리부틸렌글라이콜-8/5/3글리세린,1❤️2-헥산다이올,세틸에틸헥사노에이트,스위트아몬드오일,글라이코스핑고리피드,포스포리피드,캐모마일꽃오일,포트마리골드꽃오일,장미꽃오일,세라마이드엔피,보리지씨오일,라벤더오일,콜레스테롤,서양톱풀추출물,딜추출물,피버퓨추출물,베타-글루칸,스쿠알란,하이드로제네이티드레시틴,세테아릴올리베이트,판테놀,트라이에틸헥사노인,하이드록시에틸아크릴레이트/소듐아크릴로일다이메틸타우레이트코폴리머,솔비탄올리베이트,스테아릴알코올,세테아릴알코올,베헤닉애씨드,암모늄아크릴로일다이메틸타우레이트/브이피코폴리머,베헤닐알코올,스테아릭애씨드,아크릴레이트/C10-30알킬아크릴레이트크로스폴리머,트로메타민,카보머,폴리솔베이트60,다이메티콘올,미리스틱애씨드,다이메티콘,트라이소듐이디티에이,사이클로펜타실록세인,오렌지껍질오일,로즈마리잎오일,센티드제라늄꽃오일,라임전초오일",보습,모든피부,https://belifmall.com/web/product/big/202309/77691a9f09b808c1490e4365954b96a2.jpg,한국비건인증원
빌리프,한국,에센스/세럼/앰플,맨올로지 스마트 리차저 100ml,BF51,48000,"정제수,부틸렌글라이콜,글리세린,에틸아이소스테아레이트,글리세레스-26,1❤️2-헥산다이올,비스-피이지-18메틸에터다이메틸실레인,하이드로제네이티드폴리데센,카프릴릭/카프릭트라이글리세라이드,서양톱풀추출물,딜추출물,피버퓨추출물,캐모마일꽃추출물,서양톱풀꽃추출물,라벤더꽃추출물,다마스크장미꽃추출물,귀리커넬추출물,판테놀,아크릴레이트/C10-30알킬아크릴레이트크로스폴리머,트로메타민,잔탄검,트라이소듐이디티에이,라임전초오일,베르가모트오일,라벤더오일,단향오일,캐모마일꽃오일","수분공급,보습",모든피부,https://belifmall.com/web/product/big/202309/1b09ce7fb490dd9679cd28b7ff98fdbb.jpg,한국비건인증원
빌리프,한국,에센스/세럼/앰플,클래식 에센스 인크리멘트 50ml,BF52,50000,"정제수,글리세린,비스-피이지-18메틸에터다이메틸실레인,다이프로필렌글라이콜,스쿠알란,다이펜타에리스리틸헥사C5-9애씨드에스터,카프릴릭/카프릭트라이글리세라이드,하이드로제네이티드폴리데센,1❤️2-헥산다이올,사이클로펜타실록세인,조류추출물,트레할로오스,판테놀,피이지-40스테아레이트,소듐하이알루로네이트,개박하추출물,귀리커넬추출물,라즈베리잎추출물,포트마리골드꽃추출물,별꽃추출물,와일드인디고뿌리추출물,스위트아몬드오일,라벤더오일,로즈마리잎오일,보리지씨오일,장미꽃오일,포트마리골드꽃오일,캐모마일꽃오일,다마스크장미꽃추출물,마시멜로뿌리추출물,메도우스위트꽃추출물,삼색제비꽃추출물,레이디스맨틀추출물,락토바실러스/콩발효추출물,효모/감자추출물발효여과물,효모/보리씨발효여과물,글라이코실트레할로오스,하이드로제네이티드스타치하이드롤리세이트,잔탄검,부틸렌글라이콜,사이클로헥사실록세인,세테아릴알코올,글리세릴스테아레이트,다이메티콘,피이지-100스테아레이트,메틸글루코오스세스퀴스테아레이트,솔비탄스테아레이트,카보머,트로메타민,트라이소듐이디티에이,마이카,티타늄디옥사이드,글리세릴아크릴레이트/아크릴릭애씨드코폴리머,적색산화철,향료,시트로넬올,리모넨,시트랄,제라니올,리날룰",보습,모든피부,https://belifmall.com/web/product/big/202309/92a6408ea377009a133682d8dc17db7d.jpg,한국비건인증원
빌리프,한국,에센스/세럼/앰플,뉴메로 10 에센스 125ml 수분에센스,BF53,58000,"정제수,글리세린,변성알코올,다이프로필렌글라이콜,부틸렌글라이콜,1❤️2-헥산다이올,트레할로오스,바위손추출물,귀리커넬추출물,포트마리골드꽃추출물,개박하추출물,라즈베리잎추출물,와일드인디고뿌리추출물,별꽃추출물,레이디스맨틀잎추출물,삼색제비꽃추출물,다마스크장미꽃추출물,메도우스위트꽃추출물,마시멜로뿌리추출물,베타인,판테놀,아이리쉬모스추출물,암모늄아크릴로일다이메틸타우레이트/브이피코폴리머,피이지-40하이드로제네이티드캐스터오일,옥틸도데세스-16,카보머,글리세릴아크릴레이트/아크릴릭애씨드코폴리머,소듐폴리아크릴레이트,트로메타민,트라이소듐이디티에이,오렌지껍질오일,라임전초오일,로즈마리잎오일,센티드제라늄꽃오일,리모넨,시트로넬올,제라니올,시트랄,리날룰",수분공급,모든피부,https://belifmall.com/web/product/big/202309/b60593246e9912cbdc0f3a4e1b5f5e98.jpg,한국비건인증원
빌리프,한국,에센스/세럼/앰플,뉴메로 10 에센스 75ml 수분에센스,BF54,37000,"정제수,글리세린,변성알코올,다이프로필렌글라이콜,부틸렌글라이콜,1❤️2-헥산다이올,트레할로오스,바위손추출물,귀리커넬추출물,포트마리골드꽃추출물,개박하추출물,라즈베리잎추출물,와일드인디고뿌리추출물,별꽃추출물,레이디스맨틀잎추출물,삼색제비꽃추출물,다마스크장미꽃추출물,메도우스위트꽃추출물,마시멜로뿌리추출물,베타인,판테놀,아이리쉬모스추출물,암모늄아크릴로일다이메틸타우레이트/브이피코폴리머,피이지-40하이드로제네이티드캐스터오일,옥틸도데세스-16,카보머,글리세릴아크릴레이트/아크릴릭애씨드코폴리머,소듐폴리아크릴레이트,트로메타민,트라이소듐이디티에이,오렌지껍질오일,라임전초오일,로즈마리잎오일,센티드제라늄꽃오일,리모넨,시트로넬올,제라니올,시트랄,리날룰",수분공급,모든피부,https://belifmall.com/web/product/big/202309/3aba07db035e2759424ddb2c7d7b1c79.jpg,한국비건인증원
빌리프,한국,에센스/세럼/앰플,에이지 넉다운 워터 에센스 120ml,BF55,64000,"정제수,다이프로필렌글라이콜,글리세레스-26,부틸렌글라이콜,1❤️2-헥산다이올,글리세린,메틸글루세스-20,판테놀,귀리커넬추출물,포트마리골드꽃추출물,개박하추출물,라즈베리잎추출물,와일드인디고뿌리추출물,별꽃추출물,아이브라이트추출물,스페인감초뿌리추출물,서양톱풀꽃추출물,가시칠엽수잎추출물,바위돌꽃뿌리추출물,빌베리열매추출물,쇠뜨기잎추출물,병풀잎추출물,감국꽃추출물,퉁퉁마디추출물,나이아신아마이드,세린,세라마이드엔피,아데노신,소듐하이알루로네이트,베타인,락토바실러스/콩발효추출물,효모/감자추출물발효여과물,효모/보리씨발효여과물,토코페롤,변성알코올,하이드로제네이티드레시틴,피이지/피피지-17/6코폴리머,수크로오스스테아레이트,세테아릴알코올,콜레스테롤,아크릴레이트/C10-30알킬아크릴레이트크로스폴리머,트로메타민,육두구추출물,폴리쿼터늄-51,라우릴다이메티콘/폴리글리세린-3크로스폴리머,폴리메틸실세스퀴옥세인,하이드록시에틸셀룰로오스,돌콩오일,리놀레익애씨드,팔미틱애씨드,오렌지껍질오일,라임전초오일,로즈마리잎오일,센티드제라늄꽃오일,시트랄,시트로넬올,제라니올,리모넨,리날룰",안티에이징,모든피부,https://belifmall.com/web/product/big/202309/4f44f00b6e4273c8271e74f39a2065ee.jpg,한국비건인증원
샹테카이,미국,에센스/세럼/앰플,24K 골드 세럼 인텐스 30ml,SK1,700000,"정제수,글리세린,프로판다이올,다이카프릴릴카보네이트,다이글리세린,마이크로크리스탈린셀룰로오스,잔탄검,하이드록시아세토페논,에틸헥실글리세린,판테놀,소듐스테아로일글루타메이트,티타늄디옥사이드,1❤️2-헥산다이올,카프릴릴글라이콜,스피룰리나막시마추출물,셀룰로오스검,클로렐라불가리스추출물,해마토코쿠스플루비알리스추출물,소듐아세틸레이티드하이알루로네이트,마이카,만노오스,소듐만노오스포스페이트,솔비톨,레시틴,페녹시에탄올,실리카,하벌레아로도펜시스잎추출물,소듐벤조에이트,다마스크장미꽃추출물,틴옥사이드,아세틸헥사펩타이드-8,토코페롤,소듐시트레이트,금,아스코빅애씨드,팔미토일펜타펩타이드-4,글루타티온,시트로넬올,제라니올",수분공급,모든피부,https://shop-phinf.pstatic.net/20230328_174/1679989133926wIe7X_JPEG/81124961706409233_696727812.jpg?type=m510,PETA
샹테카이,미국,로션/크림,밸런싱 모이스처라이저 50ml,SK2,127000,"정제수,글리세린,프로판다이올,C12-15알킬벤조에이트,세테아릴에틸헥사노에이트,코코-카프릴레이트/카프레이트,에틸헥실팔미테이트,글리세릴스테아레이트에스이,피피지-15스테아릴에터,스테아릭애씨드,솔비탄올리에이트,사카라이드아이소머레이트,시어버터,오렌지추출물,하이드록시아세토페논,카보머,노니캘러스배양용해물,1❤️2-헥산다이올,에틸헥실글리세린,카프릴릴글라이콜,아이소프로필미리스테이트,솔비탄카프릴레이트,소듐하이드록사이드,판테놀,토코페릴아세테이트,유채씨오일,소듐폴리글루타메이트,미모사아카시아꽃왁스,비터오렌지꽃왁스,스페인자스민꽃왁스,소듐하이알루로네이트,시트릭애씨드,글라이코프로테인,로즈마리잎추출물,글루타믹애씨드,다마스크장미꽃수추출물,소듐시트레이트,트레오닌,발린,페녹시에탄올,마돈나백합비늘줄기추출물,라즈베리잎추출물,소듐메타바이설파이트,시트로넬올,제라니올",수분공급,모든피부,https://shop-phinf.pstatic.net/20221006_191/16650355276288dt9G_JPEG/66171307273548451_1075918033.jpg?type=m510,PETA
샹테카이,미국,로션/크림,로즈 드 메이 아이 리프트 15ml,SK3,235000,"프로방스장미꽃수,정제수,글리세린,아이소노닐아이소노나노에이트,변성알코올,프로판다이올,펜틸렌글라이콜,하이드록시프로필메틸셀룰로오스,자귀나무껍질추출물,페녹시에탄올,풀루란,카보머,부틸렌글라이콜,솔비톨,소듐하이드록사이드,포르피리듐크루엔툼추출물,아스파라곱시스아르마타추출물,다이소듐이디티에이,노티드랙추출물,감국추출물,아모다이메티콘,소듐벤조에이트,다루토사이드,포타슘솔베이트",수분공급,모든피부,https://shop-phinf.pstatic.net/20220801_107/1659336668559AMsI8_JPEG/60472567266625368_482350864.jpg?type=m510,PETA
샹테카이,미국,로션/크림,24캐럿 골드 퍼밍 모이스처라이저,SK4,493000,"다마스크장미꽃수,카프릴릭/카프릭트라이글리세라이드,글리세린,정제수,C12-20애씨드피이지-8에스터,프로판다이올,띠뿌리추출물,실리카,부틸렌글라이콜,포타슘세틸포스페이트,카보머,하이드록시아세토페논,마이카,티타늄디옥사이드,페녹시에탄올,카프릴릴글라이콜,1❤️2-헥산다이올,에틸헥실글리세린,하이드록시에틸아크릴레이트/소듐아크릴로일다이메틸타우레이트코폴리머,큰잎라임꽃수,소듐하이드록사이드,사과세포배양추출물,두날리엘라살리나추출물,스쿠알란,소듐하이알루로네이트,토코페릴아세테이트,말토덱스트린,알로에베라잎즙,아스코빌테트라이소팔미테이트,해바라기씨오일,파이틱애씨드,토코페롤,폴리솔베이트60,바이오사카라이드검-1,글리세릴아크릴레이트/아크릴릭애씨드코폴리머,소듐락테이트,다마스크장미꽃오일,잔탄검,미모사아카시아꽃왁스,비터오렌지꽃왁스,스페인자스민꽃왁스,센티드제라늄오일,코코-글루코사이드,소듐시트레이트,팔미토일다이펩타이드-5다이아미노부틸로일하이드록시트레오닌,팔미토일다이펩타이드-5다이아미노하이드록시부틸레이트,유비퀴논,소듐벤조에이트,솔비탄아이소스테아레이트,포타슘솔베이트,레시틴,벤질알코올,오이열매추출물,아크릴레이트/C10-30알킬아크릴레이트크로스폴리머,시트릭애씨드,글리세릴카프릴레이트,벤조익애씨드,팔미토일트라이펩타이드-1,팔미토일테트라펩타이드-7,녹차추출물,데하이드로아세틱애씨드,바이오틴,아세틸헵타펩타이드-9,금콜로이드,시트로넬올,제라니올,리날룰",수분공급,모든피부,https://shop-phinf.pstatic.net/20220408_184/1649385210601Uf27r_JPEG/50521053094647444_699633514.jpg?type=m510,PETA
샹테카이,미국,스킨/토너,피토액티브 솔루션 토너,SK5,143000,"정제수,에탄올,글루코노락톤,프로판다이올,버지니아풍년화수,글리세린,폴리글리세릴-10라우레이트,소듐하이드록사이드,슈도알테로모나스발효추출물,글라이콜릭애씨드,파이틱애씨드,락틱애씨드,하이드록시아세토페논,블랙윌로우나무껍질추출물,부틸렌글라이콜,마클루라코킨키넨시스잎프레닐플라보노이드,소듐살리실레이트,로즈마리추출물,만주자작나무잎추출물,하이드롤라이즈드로도피세아추출물,다마스크장미꽃수,쐐기풀잎추출물",수분공급,모든피부,https://shop-phinf.pstatic.net/20230324_20/1679648287303QT8gk_JPEG/80784115127992159_1943830237.jpg?type=m510,PETA
샹테카이,미국,로션/크림,24K 골드 에너자이징 크림,SK6,770000,"금,다마스크장미꽃수,부처스브룸뿌리추출물,다마스크장미꽃오일,얼룩파인애플즙쥬스,포트마리골드꽃추출물,로즈마리잎오일,로즈마리잎추출물,가시칠엽수추출물","피부탄력, 윤기부여, 안티에이징, 주름케어",모든피부,https://shop-phinf.pstatic.net/20230112_219/1673511960240BB4Pt_JPEG/74647802948835995_777495737.jpg?type=m510,PETA
샹테카이,미국,로션/크림,바이오 리프팅 크림+ 50ml,SK7,564000,"다마스크장미꽃수,글리세린,C12-20애씨드피이지-8에스터,카프릴릭/카프릭트라이글리세라이드,코코-카프릴레이트/카프레이트,정제수,띠뿌리추출물,페녹시에탄올,포타슘세틸포스페이트,시어버터,부틸렌글라이콜,창질경이잎추출물,카보머,시어버터,에틸헥실글리세린,하이드롤라이즈드콩단백질,비사보롤,보리지씨오일,호호바씨오일,로즈힙열매오일,다이소듐이디티에이,소듐하이드록사이드,아르간커넬오일,토코페릴아세테이트,카라기난,사카라이드아이소머레이트,녹차추출물,스펜트그레인왁스,카프릴릴글라이콜,변성알코올,다마스크장미꽃오일,소듐하이알루로네이트,소듐락테이트,코코-글루코사이드,글라이코프로테인,피이지-8,그린와틀꽃왁스,커먼자스민꽃왁스,입술연지수선화꽃왁스,시트릭애씨드,글루타믹애씨드,포스포리피드,화이트참파카잎오일,펜틸렌글라이콜,토코페롤,잔탄검,바이오사카라이드검-1,트레오닌,발린,아스코빌팔미테이트,류코노스톡/무발효여과물,팔미토일테트라펩타이드-7,팔미토일트라이펩타이드-1,아크릴레이트/C10-30알킬아크릴레이트크로스폴리머,아세틸헥사펩타이드-8,라즈베리잎세포배양물,3-아미노프로판설포닉애씨드,칼슘하이드록시메티오닌,서향캘러스추출물,하이드록시에틸셀룰로오스,꽃가루추출물,베타-카로틴,실베스트리스꽃담배잎세포배양물,플랑크톤추출물,레티닐팔미테이트,테트라데실아미노부티로일발릴아미노부티릭우레아트라이플루오로아세테이트,소듐시트레이트,소르빅애씨드,소듐메타바이설파이트,아스코빅애씨드,시트로넬올,제라니올,리날룰",수분공급,모든피부,https://shop-phinf.pstatic.net/20200901_173/15989479639320y0iY_JPEG/83791728693159_994672894.jpg?type=m510,PETA
샹테카이,미국,에센스/세럼/앰플,바이오 리프팅 오일 프리 플루이드+ 50ml,SK8,461000,"정제수,글리세린,프로판다이올,사이클로펜타실록세인,다이메티콘,세틸알코올,코코-카프릴레이트/카프레이트,띠뿌리추출물,피티에프이,나일론-12,글리세릴스테아레이트,페녹시에탄올,솔비탄올리에이트,스테아릭애씨드,부틸렌글라이콜,피이지-100스테아레이트,창질경이잎추출물,에틸헥실글리세린,하이드롤라이즈드콩단백질,사카라이드아이소머레이트,카보머,알파-비사보롤,시어버터,다이소듐이디티에이,시어버터추출물,토코페릴아세테이트,소듐하이드록사이드,카프릴로일글라이신,아르간커넬오일,녹차추출물,헥실렌글라이콜,카프릴릴글라이콜,다마스크장미꽃오일,소듐락테이트,코코-글루코사이드,글라이코프로테인,시트릭애씨드,피이지-8,그린와틀꽃왁스,커먼자스민꽃왁스,입술연지수선화꽃왁스,소듐하이알루로네이트,스펜트그레인왁스,사코신,글루타믹애씨드,포스포리피드,슈가켈프추출물,1❤️2-헥산다이올,화이트참파카잎오일,프실란투스벤갈렌시스잎세포배양추출물,다마스크장미꽃수,실론시나몬나무껍질오일,토코페롤,잔탄검,바이오사카라이드검-1,소듐시트레이트,트레오닌,발린,아스코빌팔미테이트,류코노스톡/무발효여과물,아크릴레이트/C10-30알킬아크릴레이트크로스폴리머,팔미토일테트라펩타이드-7,팔미토일트라이펩타이드-1,라즈베리잎세포배양물,서향캘러스추출물,꽃가루추출물,베타-카로틴,실베스트리스꽃담배잎세포배양물,플랑크톤추출물,레티닐팔미테이트,아세틸헥사펩타이드-8,소르빅애씨드,소듐메타바이설파이트,아스코빅애씨드",수분공급,모든피부,https://shop-phinf.pstatic.net/20200901_124/1598947712638MYK7e_JPEG/83601319522974_921239590.jpg?type=m510,PETA
샹테카이,미국,스킨/토너,바이오 리프팅 세럼 + 30ml,SK9,474000,"다마스크장미꽃수,정제수,글리세린,부틸렌글라이콜,메틸글루세스-20,띠뿌리추출물,다이글리세린,하이드록시프로필메틸셀룰로오스,페녹시에탄올,풀루란,잔탄검,창질경이잎추출물,피피지-26-부테스-26,에틸헥실글리세린,피이지-40하이드로제네이티드캐스터오일,아크릴레이트/C10-30알킬아크릴레이트크로스폴리머,펜틸렌글라이콜,포르피리듐크루엔툼추출물,카프릴릴글라이콜,말토덱스트린,소듐하이드록사이드,다마스크장미꽃오일,카보머,소듐시트레이트,시트릭애씨드,센티드제라늄오일,카카오씨추출물,프실란투스벤갈렌시스잎세포배양추출물,소듐하이알루로네이트,아세틸헥사펩타이드-8,녹차추출물,라즈베리잎세포배양물,실베스트리스꽃담배잎세포배양물,아세틸헥사펩타이드-38,N-프롤일팔미토일트라이펩타이드-56아세테이트,바이오틴",수분공급,모든피부,https://shop-phinf.pstatic.net/20211203_281/1638517492847MBK9c_JPEG/39653338550998328_164624966.jpg?type=m510,PETA
샹테카이,미국,로션/크림,스트레스 리페어 컨센트레이트 플러스 아이크림 15ml,SK10,334000,"다마스크장미꽃수,카프릴릭/카프릭트라이글리세라이드,C12-20애씨드피이지-8에스터,프로판다이올,글리세린,정제수,비터오렌지꽃수,시어버터,스위트아몬드오일,세틸알코올,피티에프이,포타슘세틸포스페이트,하이드록시아세토페논,카보머,에틸헥실글리세린,마이카,카프릴릴글라이콜,1❤️2-헥산다이올,비사보롤,귀리커넬추출물,카페인,소듐하이드록사이드,클로페네신,티타늄디옥사이드,토코페릴아세테이트,유채씨오일,펜틸렌글라이콜,퍼플테프로시아씨추출물,미모사아카시아꽃왁스,모노기나산사꽃추출물,스페인자스민꽃왁스,아라비안자스민꽃추출물,입술연지수선화꽃왁스,로즈마리잎추출물,벤질알코올,페녹시에탄올,시트릭애씨드,시트로넬올,제라니올,아세틸헥사펩타이드-8,데하이드로아세틱애씨드,실베스트리스꽃담배잎세포배양물,고춧잎추출물,N-프롤일팔미토일트라이펩타이드-56아세테이트",수분공급,모든피부,https://shop-phinf.pstatic.net/20200901_139/1598947141731PDjKN_JPEG/82984440597600_463527090.jpg?type=m510,PETA
샹테카이,미국,로션/크림,매그놀리아 자스민 앤 릴리 에멀젼 50ml,SK11,197000,"다마스크장미꽃수,정제수,카프릴릭/카프릭트라이글리세라이드,글리세린,피피지-15스테아릴에터,C12-20애씨드피이지-8에스터,코코-카프릴레이트/카프레이트,포타슘세틸포스페이트,카보머,페녹시에탄올,사카라이드아이소머레이트,티타늄디옥사이드,말토덱스트린,에틸헥실글리세린,소듐하이드록사이드,클로페네신,마카다미아씨오일,달맞이꽃오일,카라기난,프로필렌글라이콜,레시틴,알파-비사보롤,판테놀,향부자추출물,인동덩굴꽃추출물,글리시레티닉애씨드,소듐하이알루로네이트,그린와틀꽃왁스,커먼자스민꽃왁스,마돈나백합비늘줄기추출물,입술연지수선화꽃왁스,피이지-8,커먼자스민오일,소듐벤조에이트,시트릭애씨드,토코페롤,소듐시트레이트,센티드제라늄오일,다마스크장미꽃오일,후박나무껍질추출물,아스코빌팔미테이트,포도씨추출물,아스코빅애씨드",수분공급,모든피부,https://shop-phinf.pstatic.net/20220914_178/1663119035478VAtg5_JPEG/64254934177762816_1826042850.jpg?type=m510,PETA
샹테카이,미국,로션/크림,플라워 하모나이징 크림 50ml,SK12,194000,"다마스크장미꽃수,정제수,글리세린,세테아릴에틸헥사노에이트,글리세릴스테아레이트,코코-카프릴레이트/카프레이트,세틸알코올,페녹시에탄올,하이드록시에틸아크릴레이트/소듐아크릴로일다이메틸타우레이트코폴리머,피이지-8,피이지-40스테아레이트,포타슘세틸포스페이트,스쿠알란,사카라이드아이소머레이트,C12-20애씨드피이지-8에스터,아이소프로필미리스테이트,시어버터,에틸헥실글리세린,카보머,보리지씨오일,유럽개암씨오일,마카다미아씨오일,카프릴릴글라이콜,폴리솔베이트60,파네솔,판테놀,토코페릴아세테이트,소듐하이드록사이드,아이리쉬모스,너도밤나무싹추출물,양까막까치밥나무잎추출물,소듐하이알루로네이트,다마스크장미꽃오일,레티닐팔미테이트,그린와틀꽃왁스,조류추출물,커먼자스민꽃왁스,입술연지수선화꽃왁스,소듐폴리아크릴레이트,해바라기씨오일,시트릭애씨드,벤질알코올,토코페롤,라벤더오일,에델바이스꽃/잎추출물,아스코빌팔미테이트,소듐벤조에이트,벤조익애씨드,비에이치티,포타슘솔베이트,아스코빅애씨드,시트로넬올,제라니올,리날룰",수분공급,모든피부,https://shop-phinf.pstatic.net/20211203_292/16385179278570bC1j_JPEG/39653773273761594_771217211.jpg?type=m510,PETA
샹테카이,미국,에센스/세럼/앰플,바이탈 에센스 50ml,SK13,189000,"정제수,글리세린,펜틸렌글라이콜,카보머,페녹시에탄올,포타슘하이드록사이드,스쿠알란,메틸파라벤,알라닌,부틸렌글라이콜,소듐하이알루로네이트,스테아릭애씨드,폴리글리세릴-2다이아이소스테아레이트,세틸알코올,호호바씨오일,다이메티콘,글라이콜다이스테아레이트,포도씨오일,벤토나이트,아이소스테아레스-20,에탄올,다마스크장미꽃수,잔탄검,부틸파라벤,토코페롤,슈가켈프추출물,돌콩단백질,낫토검,칡뿌리추출물,알로에베라잎추출물,클로렐라불가리스추출물,글리세레스-25피씨에이아이소스테아레이트",수분공급,모든피부,https://shop-phinf.pstatic.net/20200901_49/1598945155393rslEc_JPEG/80990226577216_1515055537.jpg?type=m510,PETA
샹테카이,미국,에센스/세럼/앰플,래디언스 엘릭서 (크리스탈 광채 세럼) 30ml,SK14,350000,"다마스크장미꽃수,프로판다이올,다이카프릴릴카보네이트,다이글리세린,하이드록시프로필메틸셀룰로오스,호호바씨오일,글리세린,풀루란,티타늄디옥사이드,하이드록시아세토페논,마이카,에틸헥실글리세린,스쿠알란,카프릴릴글라이콜,1❤️2-헥산다이올,카프릴릭/카프릭트라이글리세라이드,아크릴레이트/C10-30알킬아크릴레이트크로스폴리머,카프릴릴/카프릴글루코사이드,카보머,세틸팔미테이트,포르피리듐크루엔툼추출물,소듐파이테이트,폴리솔베이트80,토마토추출물,솔비탄스테아레이트,펜틸렌글라이콜,소듐하이드록사이드,실리카,폴리메틸메타크릴레이트,소듐코코일글루타메이트,다마스크장미꽃오일,소듐포스페이트,시트릭애씨드,센티드제라늄오일,글리세릴카프릴레이트,소듐벤조에이트,하이드로제네이티드레시틴,틴옥사이드,토코페롤,폴리글리세릴-6올리에이트,노나펩타이드-1,소듐서팩틴,벌노랑이체세포배추출물,N-프롤일팔미토일트라이펩타이드-56아세테이트,팔미토일테트라펩타이드-10,다이소듐포스페이트,시트로넬올,제라니올,리날룰",수분공급,모든피부,https://shop-phinf.pstatic.net/20200901_67/15989442650139jho4_JPEG/80110722495319_1299653405.jpg?type=m510,PETA
샹테카이,미국,로션/크림,레티놀 인텐스+ 50ml,SK15,237000,"다마스크장미꽃수,정제수,C12-20애씨드피이지-8에스터,나이아신아마이드,글리세린,카프릴릭/카프릭트라이글리세라이드,코코-카프릴레이트/카프레이트,다이메티콘,소듐포타슘알루미늄실리케이트,하이드록시프로필사이클로덱스트린,사카라이드아이소머레이트,포타슘세틸포스페이트,카보머,세틸알코올,검정콩추출물,달맞이꽃오일,호호바씨오일,소듐하이드록사이드,다이소듐이디티에이,레티놀,레시틴,토코페릴아세테이트,카라기난,글리시레티닉애씨드,그린와틀꽃왁스,커먼자스민꽃왁스,입술연지수선화꽃왁스,소듐하이알루로네이트,레티닐팔미테이트,토코페롤,소듐폴리아크릴레이트,커먼자스민오일,시트릭애씨드,커피콩추출물,소듐아스코빌포스페이트,센티드제라늄오일,다마스크장미꽃오일,후박나무껍질추출물,아스코빌팔미테이트,당아욱잎추출물,포도씨추출물,아스코빅애씨드",수분공급,모든피부,https://shop-phinf.pstatic.net/20200901_226/1598942432794PWcWB_JPEG/36302267327163986_1906775599.jpg?type=m510,PETA
샹테카이,미국,에센스/세럼/앰플,로즈 드 메이 페이스 오일 30ml,SK16,315000,"스위트아몬드오일,스쿠알란,카프릴릭/카프릭트라이글리세라이드,살구씨오일,포도씨오일,프로방스장미꽃수,보리지씨오일,호동씨오일,동백나무씨오일,달맞이꽃오일,라즈베리씨오일,로즈힙열매오일,파라크레스꽃추출물,조류추출물,유채씨추출물,다마스크장미꽃오일,센티드제라늄오일,로즈마리잎추출물,다이아세틸볼딘,토코페롤,시트로넬올,제라니올,리날룰",수분공급,모든피부,https://shop-phinf.pstatic.net/20200901_191/1598941828315qTmsy_JPEG/36305216836120073_830948034.jpg?type=m510,PETA
샹테카이,미국,로션/크림,로즈 드 메이 크림 50ml,SK17,359000,"다마스크장미꽃수,정제수,나이아신아마이드,글리세린,프로판다이올,다이메티콘,다이카프릴릴에터,세틸알코올,코코-카프릴레이트/카프레이트,페녹시에탄올,솔비탄올리에이트,스테아릭애씨드,글리세릴스테아레이트,피이지-100스테아레이트,부틸렌글라이콜,알파-글루칸올리고사카라이드,카보머,에틸헥실글리세린,클로페네신,잔탄검,다이소듐이디티에이,하이드롤라이즈드삼색제비꽃추출물,다이메티콘올,야콘뿌리즙,소듐하이드록사이드,말토덱스트린,다마스크장미꽃오일,토코페롤,락토바실러스,프로방스장미꽃수,팔미토일올리고펩타이드,팔미토일테트라펩타이드-7,라즈베리잎세포배양물,아스코빌팔미테이트,아스코빅애씨드,시트릭애씨드",수분공급,모든피부,https://shop-phinf.pstatic.net/20200901_52/1598941379077piosI_JPEG/77277754395837_1650457542.jpg?type=m510,PETA
샹테카이,미국,스킨/토너,퓨어 로즈 워터 30ml,SK18,58000,"프로방스장미꽃수,부틸렌글라이콜,글리세린,클로페네신,메틸파라벤",수분공급,모든피부,https://shop-phinf.pstatic.net/20211026_45/1635215564600SAmYk_JPEG/36351392145041812_801373643.jpg?type=m510,PETA
샹테카이,미국,스킨/토너,나노 골드 에너자이징 아이 세럼 15ml,SK19,390000,"다마스크장미꽃수,정제수,글리세린,프로판다이올,페녹시에탄올,부틸렌글라이콜,소듐하이알루로네이트,판테놀,에틸헥실글리세린,클로페네신,하이드롤라이즈드피브로인,헤스페리딘메틸칼콘,아크릴레이트/C10-30알킬아크릴레이트크로스폴리머,피피지-26-부테스-26,트레할로오스,피이지-40하이드로제네이티드캐스터오일,소듐하이드록사이드,카프릴릴글라이콜,소듐락테이트,카보머,코코-글루코사이드,클로헥시딘다이글루코네이트,토마토잎세포배양추출물,라즈베리잎세포배양물,팔미토일테트라펩타이드-7,아세틸헥사펩타이드-8,다이펩타이드-2,포타슘솔베이트,실베스트리스꽃담배잎세포배양물,팔미토일올리고펩타이드,금,시트로넬올,제라니올",수분공급,모든피부,https://shop-phinf.pstatic.net/20200730_227/1596099757867FQGuv_JPEG/33460496497434866_767969479.jpg?type=m510,PETA
샹테카이,미국,로션/크림,바이오 리프팅 넥 크림 50ml,SK20,299000,"다마스크장미꽃수,정제수,글리세린,부틸렌글라이콜,카프릴릭/카프릭트라이글리세라이드,코코-카프릴레이트/카프레이트,변성알코올,나이아신아마이드,세틸알코올,소듐폴리아크릴레이트,페녹시에탄올,브이피/브이에이코폴리머,하이드록시에틸아크릴레이트/소듐아크릴로일다이메틸타우레이트코폴리머,하이드로제네이티드폴리데센,글리세릴스테아레이트,스쿠알란,헥실렌글라이콜,펜틸렌글라이콜,징크피씨에이,다이소듐이디티에이,트라이데세스-6,코코-글루코사이드,3-아미노프로판설포닉애씨드,칼슘하이드록시메티오닌,클로렐라불가리스/화이트루핀단백질발효물,하이드록시에틸셀룰로오스,물냉이꽃/잎추출물,카프릴릴글라이콜,다마스크장미꽃오일,말토덱스트린,글라우신,테트라데실아미노부티로일발릴아미노부티릭우레아트라이플루오로아세테이트,그린와틀꽃왁스,커먼자스민꽃추출물,입술연지수선화꽃왁스,레시틴,피이지-8,화이트참파카잎오일,퉁퉁마디추출물,토코페롤,마그네슘클로라이드,아스코빌팔미테이트,라즈베리잎세포배양물,후박나무껍질추출물,아스코빅애씨드,시트릭애씨드,포도씨오일,아세틸헥사펩타이드-8",수분공급,모든피부,https://shop-phinf.pstatic.net/20200730_194/15960990247773Vpwh_JPEG/33460567392421979_2139690168.jpg?type=m510,PETA
쌀롱드리,한국,로션/크림,인텐시브크림(50g),SD1,32000,"쌀추출물,부틸렌글라이콜,글리세린,세테아릴알코올,카프릴릭/카프릭트라이글리세라이드,카프릴릴메티콘,글리세릴스테아레이트,나이아신아마이드,1❤️2-헥산다이올,다이프로필렌글라이콜,메도우폼씨오일,판테놀,폴리글리세릴-3다이스테아레이트,정제수,하이드록시아세토페논,세라마이드엔피,솔비탄스테아레이트,아크릴레이트/C10-30알킬아크릴레이트크로스폴리머,토코페롤,트로메타민,카보머,효모/쌀발효여과물,에틸헥실글리세린,알란토인,베타인,카프릴릴글라이콜,글리세릴스테아레이트시트레이트,트레할로오스,병풀잎추출물,소듐하이알루로네이트,아데노신,3-O-에틸아스코빅애씨드,향료,녹차추출물,감나무잎추출물,뽕나무잎추출물,아나토씨오일,프로판다이올,피브이피,락토바실러스/배즙발효여과물,락토바실러스/석류발효추출물,락토바실러스/콩발효추출물,효모/보리씨발효여과물,캐롭열매추출물,라벤더추출물,오레가노꽃/잎/줄기추출물,로즈마리추출물,타임추출물,바이오사카라이드검-1,바이오틴,사이아노코발아민,풀러린",미백/주름 2중 기능성 화장품,민감성,https://attach.choroc.com/web/goods/1/img1/025531_20210522175957.jpg,EVE VEGAN
아떼,프랑스,에센스/세럼/앰플,아떼 바이탈C좀 비건 잡티토닝앰플 20ml(+10ml 2개),AT1,31500,"정제수,아스코빅애씨드,다이프로필렌글라이콜,프로판다이올,글리세린,에톡시다이글라이콜,1❤️2-헥산다이올,3-O-에틸아스코빅애씨드,트로메타민,메틸프로판다이올,브로콜리추출물,클로렐라불가리스추출물,울금뿌리추출물,얼룩파인애플추출물,장미꽃오일,멕시칸주니퍼오일,바실러스/소이빈발효추출물,락토바실러스/호밀가루발효물,락토바실러스/소이밀크발효여과물,피그미핑크캘러스배양추출물,돌콩오일,왕귤껍질오일,라우다이모늄하이드록시프로필하이드롤라이즈드밀단백질,포도주,페룰릭애씨드,폴리글리세릴-10라우레이트,글루코오스,글루코실루틴,부틸렌글라이콜,프룩토올리고사카라이드,프룩토오스,에틸헥실글리세린,아데노신,다이포타슘글리시리제이트,판테놀,소듐파이테이트,아이소말트,카프릴릭/카프릭트라이글리세라이드,하이드로제네이티드레시틴,세라마이드엔피,펜틸렌글라이콜,타라검,레시틴,토코페롤,스쿠알란,말토덱스트린,피토스테롤,레티놀,소듐스테아로일글루타메이트,아스코빌글루코사이드,잔탄검,비에이치티,시트로넬올","수분공급, 미백",모든피부,https://shop-phinf.pstatic.net/20230510_239/16836955082871VbnY_JPEG/1371629129385208_400613891.jpg?type=f296_296,EVE VEGAN
아떼,프랑스,스킨/토너,아떼 바이탈C좀 토닝 캡슐 토너 130ml,AT2,36000,"정제수,글리세린,부틸렌글라이콜,나이아신아마이드,펜틸렌글라이콜,메틸프로판다이올,아이리쉬모스추출물,사탕수수추출물,비타민나무오일,한련초추출물,오렌지껍질오일,필리핀오렌지껍질오일,인도멀구슬나무잎추출물,인도멀구슬나무꽃추출물,라임전초오일,오렌지꽃오일,라벤더오일,로즈마리잎오일,클레리오일,홀리바질잎추출물,백미꽃추출물,울금뿌리추출물,참산호말추출물,드럼스틱씨오일,베르가모트오일,접시꽃추출물,소듐하이알루로네이트,아르니카몬타나꽃추출물,하이드롤라이즈드하이알루로닉애씨드,하이알루로닉애씨드,레몬껍질오일,다이메티콘,1❤️2-헥산다이올,다이페닐실록시페닐트라이메티콘,다이메티콘/비닐다이메티콘크로스폴리머,판테놀,트로메타민,에틸헥실글리세린,아데노신,소듐파이테이트,사이아노코발아민,아스코빅애씨드,토코페롤,카프릴릭/카프릭트라이글리세라이드,프로판다이올,하이드로제네이티드레시틴,세라마이드엔피,벤질글라이콜,하이드롤라이즈드글라이코사미노글리칸,시트릭애씨드,하이드록시프로필트라이모늄하이알루로네이트,소듐하이알루로네이트크로스폴리머,소듐아세틸레이티드하이알루로네이트,하이드롤라이즈드소듐하이알루로네이트,포타슘하이알루로네이트,카보머,잔탄검,소듐벤조에이트,리모넨,리날룰",수분공급,모든피부,https://shop-phinf.pstatic.net/20230119_36/167410495207671aNl_JPEG/75240731770669157_1583822423.jpg?type=f296_296,EVE VEGAN
아떼,프랑스,에센스/세럼/앰플,아떼 바이탈C좀 비건 잡티 토닝 앰플 20ml 듀오세트 CASTXX464XX,AT3,21600,"정제수,아스코빅애씨드,다이프로필렌글라이콜,프로판다이올,글리세린,에톡시다이글라이콜,1❤️2-헥산다이올,3-O-에틸아스코빅애씨드,트로메타민,메틸프로판다이올,브로콜리추출물,클로렐라불가리스추출물,울금뿌리추출물,얼룩파인애플추출물,장미꽃오일,멕시칸주니퍼오일,바실러스/소이빈발효추출물,락토바실러스/호밀가루발효물,락토바실러스/소이밀크발효여과물,피그미핑크캘러스배양추출물,돌콩오일,왕귤껍질오일,라우다이모늄하이드록시프로필하이드롤라이즈드밀단백질,포도주,페룰릭애씨드,폴리글리세릴-10라우레이트,글루코오스,글루코실루틴,부틸렌글라이콜,프룩토올리고사카라이드,프룩토오스,에틸헥실글리세린,아데노신,다이포타슘글리시리제이트,판테놀,소듐파이테이트,아이소말트,카프릴릭/카프릭트라이글리세라이드,하이드로제네이티드레시틴,세라마이드엔피,펜틸렌글라이콜,타라검,레시틴,토코페롤,스쿠알란,말토덱스트린,피토스테롤,레티놀,소듐스테아로일글루타메이트,아스코빌글루코사이드,잔탄검,비에이치티,시트로넬올","수분공급, 미백, 피부투명",모든피부,https://shop-phinf.pstatic.net/20220819_90/16608954582863tY2X_JPEG/62031346981984180_119495515.jpg?type=f296_296,EVE VEGAN
아떼,프랑스,에센스/세럼/앰플,아떼 바이탈C좀 잡티 토너 & 앰플 세트,AT4,36000,"정제수,글리세린,소듐코코일알라니네이트,다이소듐코코암포다이아세테이트,라우릴하이드록시설테인,소듐메틸코코일타우레이트,소듐클로라이드,메틸프로판다이올,아크릴레이트/C10-30알킬아크릴레이트크로스폴리머,장미꽃오일,멕시칸주니퍼오일,퀼라자껍질추출물,왕귤껍질오일,귀리커넬오일,호호바씨오일,바실러스/소이빈발효추출물,락토바실러스/호밀가루발효물,락토바실러스/소이밀크발효여과물,라우다이모늄하이드록시프로필하이드롤라이즈드밀단백질,피그미핑크캘러스배양추출물,포도주,1❤️2-헥산다이올,카프릴릴글라이콜,코코-글루코사이드,살리실릭애씨드,다이소듐2-설포라우레이트,트로메타민,소듐코코일이세티오네이트,헥실렌글라이콜,소듐시트레이트,시트릭애씨드,글루코노락톤,아스코빅애씨드,스쿠알란,다이프로필렌글라이콜,부틸렌글라이콜,아이소말트,펜틸렌글라이콜,프로판다이올,하이드로제네이티드레시틴,타라검,레시틴,피토스테롤,말토덱스트린,3-O-에틸아스코빅애씨드,아스코빌글루코사이드,세라마이드엔피,잔탄검","수분공급, 각질케어, 피지케어, 상쾌함, 피부결정돈",모든피부,https://shop-phinf.pstatic.net/20231004_161/1696380786062fjyfp_JPEG/1354350872952260_1931584875.jpg?type=f296_296,EVE VEGAN
아떼,프랑스,에센스/세럼/앰플,아떼 얼티밋 안티에이징 앰플 10gX4 세트,AT5,35000,"정제수,부틸렌글라이콜,글리세린,메틸프로판다이올,다이프로필렌글라이콜,판테놀,1❤️2-헥산다이올,다이에톡시에틸석시네이트,나이아신아마이드,에톡시다이글라이콜,메틸글루세스-20,트레할로오스,옥틸도데칸올,하이드로제네이티드폴리아이소부텐,울금뿌리추출물,바실러스/소이빈발효추출물,락토바실러스/호밀가루발효물,락토바실러스/소이밀크발효여과물,자일리틸글루코사이드,아라비아고무나무검,한련초추출물,자일리톨,인도멀구슬나무꽃추출물,소듐하이알루로네이트,인도멀구슬나무잎추출물,참산호말추출물,인도멀구슬나무껍질추출물,드럼스틱씨오일,홀리바질잎추출물,피그미핑크캘러스배양추출물,하이드롤라이즈드하이알루로닉애씨드,샤프란꽃추출물,영하구기자추출물,포도주,하이알루로닉애씨드,트라이에틸헥사노인,아이소말트,메틸트라이메티콘,트라이카프릴린,말토덱스트린,하이드록시에틸우레아,소듐피씨에이,폴리글리세릴-10라우레이트,안하이드로자일리톨,프로판다이올,암모늄아크릴로일다이메틸타우레이트/브이피코폴리머,바이오사카라이드검-1,아크릴레이트/C10-30알킬아크릴레이트크로스폴리머,알지닌,다이포타슘글리시리제이트,에틸헥실글리세린,아데노신,글리세릴아크릴레이트/아크릴릭애씨드코폴리머,토코페릴아세테이트,소듐하이알루로네이트크로스폴리머,글루코오스,하이드롤라이즈드글라이코사미노글리칸,레시틴,타라검,벤질글라이콜,토코페롤,석시닉애씨드,크산토필,잔탄검,향료,리날룰,리모넨,시트로넬올,제라니올,부틸페닐메틸프로피오날,헥실신남알,시트랄,알파-아이소메틸아이오논","수분공급, 안티에이징",모든피부,https://shop-phinf.pstatic.net/20220517_205/16527524308306zdSs_JPEG/53888326550188881_374272476.jpg?type=f296_296,EVE VEGAN
아떼,프랑스,에센스/세럼/앰플,아떼 바이탈 A 프라임 레티놀 앰플 30ml(+앰플&크림 2종 증정) CAFCXXN19WT100,AT6,70000,"정제수,다이카프릴릴카보네이트,사이클로헥사실록세인,글리세린,메틸프로판다이올,1❤️2-헥산다이올,나이아신아마이드,하이드로제네이티드폴리데센,토코페릴아세테이트,판테놀,병풀추출물,무화과추출물,카바카바잎/뿌리/줄기추출물,유용성감초추출물,인삼열매추출물,바실러스/소이빈발효추출물,피그미핑크캘러스배양추출물,하이드로제네이티드레시틴,소듐하이알루로네이트,글리세릴스테아레이트,바쿠치올,팔미틱애씨드,소듐폴리아크릴레이트,스테아릭애씨드,잔탄검,레티놀,베타-글루칸,아크릴레이트/C10-30알킬아크릴레이트크로스폴리머,다이포타슘글리시리제이트,아데노신,트로메타민,폴리쿼터늄-51,비에이치티,비에이치에이,미리스틱애씨드,세라마이드엔피,레틴알,부틸렌글라이콜,아이소말트,아시아티코사이드,락토바실러스/소이밀크발효여과물,락토바실러스/호밀가루발효물,마데카식애씨드,아시아틱애씨드,카프릴릭/카프릭트라이글리세라이드,프로판다이올,다이메틸아이소소바이드,레시틴,말토덱스트린,에탄올,타라검,포도주,하이드록시피나콜론레티노에이트,피이지-100스테아레이트,폴리솔베이트20,에틸헥실글리세린","수분공급, 안티에이징, 피부강화, 주름케어, 피부탄력, 모공케어",모든피부,https://shop-phinf.pstatic.net/20221227_290/1672133621409Vzgre_JPEG/73269517143297193_1389171524.jpg?type=f296_296,EVE VEGAN
아떼,프랑스,에센스/세럼/앰플,아떼 바이탈A 프라임 릴리프 크림 30ml(+10ml 앰플) CAFCXXC09WT,AT7,94500,"정제수,글리세린,메틸프로판다이올,1❤️2-헥산다이올,나이아신아마이드,베타인,아이소프로필팔미테이트,베타-글루칸,하이드로제네이티드폴리데센,하이드로제네이티드폴리데센,병풀추출물,무화과추출물,바실러스/소이빈발효추출물,피그미핑크캘러스배양추출물,오일팜오일,하이드로제네이티드레시틴,소듐하이알루로네이트,하이드록시에틸아크릴레이트/소듐아크릴로일다이메틸타우레이트코폴리머,비닐다이메티콘,카프릴릴메티콘,아크릴레이트/C10-30알킬아크릴레이트크로스폴리머,트로메타민,글리세릴아크릴레이트/아크릴릭애씨드코폴리머,판테놀,솔비탄아이소스테아레이트,잔탄검,폴리쿼터늄-51,아데노신,다이소듐이디티에이,토코페릴아세테이트,레티놀,다이메틸아이소소바이드,카프릴릭/카프릭트라이글리세라이드,세라마이드엔피,부틸렌글라이콜,하이드록시피나콜론레티노에이트,비에이치티,아이소말트,락토바실러스/소이밀크발효여과물,락토바실러스/호밀가루발효물,비에이치에이,프로판다이올,아시아티코사이드,마데카식애씨드,아시아틱애씨드,레시틴,타라검,말토덱스트린,에탄올,포도주,폴리솔베이트20,에틸헥실글리세린","피부탄력, 모공케어, 주름케어, 안티에이징",모든피부,https://shop-phinf.pstatic.net/20220921_174/1663748739759HQuqK_JPEG/64884573580454162_1789375470.jpg?type=f296_296,EVE VEGAN
아로마티카,한국,스킨/토너,리바이빙 로즈 인퓨전 트리트먼트 토너200ML,AM1,36000,"다마스크장미꽃추출물,알로에베라잎추출물,메틸프로판다이올,트라이에틸헥사노인,카프릴릭/카프릭트라이글리세라이드,부틸렌글라이콜,에틸헥실팔미테이트,나이아신아마이드,1❤️2-헥산다이올,폴리글리세릴-4아이소스테아레이트,폴리글리세릴-10라우레이트,글리세린,카프릴릴글라이콜,폴리글리세릴-10미리스테이트,스타아니스추출물,하이드로제네이티드레시틴,다마스크장미꽃오일,정제수,한련초추출물,시트로넬올,제라니올,한련초잎추출물,세라마이드엔피,인도멀구슬나무잎추출물,말토덱스트린,드럼스틱씨오일,유제놀",미백,모든피부,https://aromatica.co.kr/web/product/medium/202307/4760033fad1c4bb9ec3a52bb4fc968ee.jpg,VeganSociety
아로마티카,한국,스킨/토너,바이탈라이징 로즈마리 디콕션 토너 300ML,AM2,22000,"로즈마리잎추출물,알로에베라잎추출물,글리세린,프로판다이올,로즈마리잎수,에틸헥실글리세린,폴리글리세릴-10라우레이트,폴리글리세릴-10미리스테이트,마트리카리아꽃추출물,마편초추출물,로즈마리잎오일,말토덱스트린,로즈우드오일,리날룰","진정, 보습",모든피부,https://aromatica.co.kr/web/product/medium/202307/5e7dd36801672914b1a43f14bc82f735.jpg,VeganSociety
아로마티카,한국,스킨/토너,바이탈라이징 로즈마리 디콕션 토너 리필 300ML,AM3,20000,"로즈마리잎추출물,알로에베라잎추출물,글리세린,프로판다이올,로즈마리잎수,에틸헥실글리세린,폴리글리세릴-10라우레이트,폴리글리세릴-10미리스테이트,마트리카리아꽃추출물,마편초추출물,로즈마리잎오일,말토덱스트린,로즈우드오일,리날룰","진정, 보습",모든피부,https://aromatica.co.kr/web/product/medium/202203/ec6ff2dd0905129f6ddc385d02d94159.jpg,VeganSociety
아로마티카,한국,스킨/토너,바이탈라이징 로즈마리 디콕션 토너 300ML & 리필 300ML,AM4,42000,"로즈마리잎추출물,알로에베라잎추출물,글리세린,프로판다이올,로즈마리잎수,에틸헥실글리세린,폴리글리세릴-10라우레이트,폴리글리세릴-10미리스테이트,마트리카리아꽃추출물,마편초추출물,로즈마리잎오일,말토덱스트린,로즈우드오일,리날룰","진정, 보습",모든피부,https://aromatica.co.kr/web/product/medium/202307/a26b8e7010629716ce69552f46d8f6a8.jpg,VeganSociety
아로마티카,한국,스킨/토너,티트리 밸런싱 토너 200ML,AM5,29000,"티트리잎추출물,알로에베라잎추출물,부틸렌글라이콜,글리세린,프로판다이올,에틸헥실글리세린,베타인,마트리카리아꽃추출물,로즈마리잎추출물,마편초추출물,말토덱스트린","진정, 보습",지성,https://aromatica.co.kr/web/product/medium/202307/1abafe86c7d80b90d7c9f476c0c39fd9.jpg,VeganSociety
아로마티카,한국,에센스/세럼/앰플,리바이빙 로즈 인퓨전 세럼 100ML,AM6,42000,"알로에베라잎추출물,프로판다이올,글리세린,다마스크장미꽃추출물,베타인,나이아신아마이드,정제수,폴리글리세릴-10라우레이트,페네틸알코올,판테놀,폴리글리세릴-10미리스테이트,알지닌,아크릴레이트/C10-30알킬아크릴레이트크로스폴리머,글리세릴카프릴레이트,알란토인,레불리닉애씨드,귀리단백질추출물,소듐레불리네이트,아데노신,부틸렌글라이콜,한련초추출물,말토덱스트린,다마스크장미꽃오일,포트마리골드꽃추출물,검정콩추출물,뽕나무열매추출물,인디안구스베리열매추출물,로즈힙열매추출물,라즈베리잎추출물,엘더열매추출물,인도멀구슬나무잎추출물,시트로넬올,맥아추출물,1❤️2-헥산다이올,비타민나무열매추출물,피타야추출물,리치추출물,망고추출물,구아바열매추출물,제라니올,드럼스틱씨오일","미백, 주름개선",모든피부,https://aromatica.co.kr/web/product/medium/202307/0f9a0bf60579fda6e6d13c178f795549.jpg,VeganSociety
아로마티카,한국,에센스/세럼/앰플,바이탈라이징 로즈마리 컨센트레이티드 에센스 100ML,AM7,30000,"로즈마리잎추출물,다이프로필렌글라이콜,글리세린,1❤️2-헥산다이올,에틸헥실글리세린","진정, 영양",모든피부,https://aromatica.co.kr/web/product/medium/202307/f649f538e2bf35c02670b0f76fa2f513.jpg,VeganSociety
아로마티카,한국,에센스/세럼/앰플,바이탈라이징 로즈마리 컨센트레이티드 에센스 200ML,AM8,42000,"로즈마리잎추출물,다이프로필렌글라이콜,글리세린,1❤️2-헥산다이올,에틸헥실글리세린","진정, 영양",모든피부,https://aromatica.co.kr/web/product/medium/202307/43bfd8f5fcdecf597e312a4d40306cb8.jpg,VeganSociety
아로마티카,한국,에센스/세럼/앰플,티트리 포어 퓨리파잉 세럼 10% NIACINAMIDE + 1% ZINCPCA 30ML,AM9,32000,"티트리잎추출물,부틸렌글라이콜,나이아신아마이드,정제수,글리세린,베타인,1❤️2-헥산다이올,트라이에틸시트레이트,에틸헥실올리베이트,아이소아밀라우레이트,소듐아크릴레이트코폴리머,알지닌,아크릴레이트/C10-30알킬아크릴레이트크로스폴리머,세테아릴올리베이트,프로판다이올,폴리글리세릴-4올리에이트,호호바에스터,판테놀,에틸헥실글리세린,솔비탄올리베이트,알란토인,글루코노락톤,하이드롤라이즈드호호바에스터,타마린드씨폴리사카라이드,티트리잎오일,마트리카리아꽃추출물,로즈마리잎추출물,마편초추출물,카프릴로일살리실릭애씨드,소듐하이알루로네이트,인도멀구슬나무잎추출물,인도멀구슬나무꽃추출물,아이비고드열매추출물,알로에베라꽃추출물,가지열매추출물,홀리바질잎추출물,참산호말추출물,울금뿌리추출물,소듐구아이아줄렌설포네이트,토코페롤","진정, 영양",모든피부,https://aromatica.co.kr/web/product/medium/202307/29dac8a7e086249872b2d30098a6457e.jpg,VeganSociety
아로마티카,한국,로션/크림,리바이빙 로즈 인퓨전 크림 50ML,AM10,49000,"알로에베라잎추출물,정제수,부틸렌글라이콜,카프릴릭/카프릭트라이글리세라이드,에틸헥실팔미테이트,바바수씨오일,글리세린,베타인,나이아신아마이드,로즈힙열매오일,폴리글리세릴-3메틸글루코오스다이스테아레이트,아라키딜알코올,1❤️2-헥산다이올,아르간커넬오일,시어버터,메도우폼씨오일,포트마리골드꽃추출물,검정콩추출물,뽕나무열매추출물,인디안구스베리열매추출물,로즈힙열매추출물,라즈베리잎추출물,엘더열매추출물,호호바씨오일,베헤닐알코올,세테아릴알코올,판테놀,페네틸알코올,아라키딜글루코사이드,카나우바왁스,에틸헥실글리세린,알란토인,다마스크장미꽃추출물,한련초추출물,아크릴레이트/C10-30알킬아크릴레이트크로스폴리머,알지닌,프로판다이올,이테야자열매오일,다마스크장미꽃오일,댐슨자두씨오일,소듐하이알루로네이트크로스폴리머,잔탄검,아데노신,하이드롤라이즈드글라이코사미노글리칸,인도멀구슬나무잎추출물,시트로넬올,소듐하이알루로네이트,말토덱스트린,귀리단백질추출물,벤질글라이콜,제라니올,드럼스틱씨오일,유제놀,하이드롤라이즈드하이알루로닉애씨드,비타민나무열매추출물,피타야추출물,리치추출물,망고추출물,구아바열매추출물,하이알루로닉애씨드,토코페롤,라즈베리케톤","진정, 수분공급","지성, 복합성",https://aromatica.co.kr/web/product/medium/202307/222ef89708c9342f22be690f279e8c47.jpg,VeganSociety
아로마티카,한국,로션/크림,바이탈라이징 로즈마리 올인원 로션 300ML,AM11,28000,"로즈마리잎추출물,글리세린,에틸헥실팔미테이트,부틸렌글라이콜,카프릴릭/카프릭트라이글리세라이드,시어버터,해바라기씨오일,폴리글리세릴-3메틸글루코오스다이스테아레이트,세테아릴글루코사이드,솔비탄올리베이트,트라이에틸시트레이트,에리스리톨,옥틸도데칸올,글리세릴글루코사이드,로즈마리잎오일,유칼립투스잎오일,정제수,하이드록시에틸우레아,1❤️2-헥산다이올,카프릴릴글라이콜,세테아릴알코올,벤조인나무수지추출물,아틀라스시다나무껍질오일,다이프로필렌글라이콜,라벤더오일,스타아니스추출물,리모넨,아크릴레이트/C10-30알킬아크릴레이트크로스폴리머,알지닌,잔탄검,리날룰,마트리카리아꽃오일","미백, 주름개선",모든피부,https://aromatica.co.kr/web/product/medium/202306/cfc78dc2687ca616a3fe216bcf763334.jpg,VeganSociety
아로마티카,한국,로션/크림,컴포팅 칼렌듈라 디콕션 쥬시크림 150ML,AM12,30000,"포트마리골드꽃추출물,포트마리골드꽃추출물,카프릴릭/카프릭트라이글리세라이드,알로에베라잎추출물,부틸렌글라이콜,글리세린,시어버터,정제수,하이드로제네이티드레시틴,코코넛야자오일,옥틸도데칸올,코코-카프릴레이트/카프레이트,1❤️2-헥산다이올,아라키딜알코올,글리세릴글루코사이드,베헤닐알코올,하이드록시에틸셀룰로오스,프로판다이올,에틸헥실글리세린,아크릴레이트/C10-30알킬아크릴레이트크로스폴리머,알지닌,아라키딜글루코사이드,세라마이드엔피,카나우바왁스,하이드로제네이티드올리브오일불검화물,소듐아세테이트,마트리카리아꽃추출물,로즈마리잎추출물,마편초추출물,타마린드씨폴리사카라이드,아이소프로필알코올,셀룰로오스,말토덱스트린","진정, 보습",모든피부,https://aromatica.co.kr/web/product/medium/202307/6cd93b6052060bc762c8e7acba596798.jpg,VeganSociety
아로마티카,한국,로션/크림,컴포팅 칼렌듈라 디콕션 인텐시브 크림 100ML,AM13,30000,"포트마리골드꽃추출물,포트마리골드추출물,카프릴릭/카프릭트라이글리세라이드,글리세린,다이프로필렌글라이콜,시어버터,부틸렌글라이콜,해바라기씨오일,펜틸렌글라이콜,프로판다이올,하이드로제네이티드레시틴,판테놀,알지닌,카보머,하이드록시에틸셀룰로오스,잔탄검,정제수,세라마이드엔피,소듐아세테이트,아이소프로필알코올,셀룰로오스","진정, 보습",모든피부,https://aromatica.co.kr/web/product/medium/202307/ae189534567a9bd5c93a92db099aa2e6.jpg,VeganSociety
아로마티카,한국,스킨/토너,티트리 밸런싱 에멀전 100ML,AM14,30000,"티트리잎추출물,우엉뿌리추출물,왕질경이잎추출물,컴프리뿌리추출물,알로에베라잎추출물,글리세린,카프릴릭/카프릭트라이글리세라이드,부틸렌글라이콜,폴리글리세릴-3메틸글루코오스다이스테아레이트,코코넛야자오일,1❤️2-헥산다이올,코코-카프릴레이트/카프레이트,세테아릴알코올,베타인,시어버터,바바수씨오일,프로판다이올,에틸헥실글리세린,카프릴릴글라이콜,아크릴레이트/C10-30알킬아크릴레이트크로스폴리머,알지닌,알란토인,스타아니스추출물,하이드롤라이즈드글라이코사미노글리칸,잔탄검,타마린드씨폴리사카라이드,티트리잎오일,하이드로제네이티드올리브오일불검화물,마트리카리아꽃추출물,로즈마리잎추출물,마편초추출물,말토덱스트린","수분공급, 진정",지성,https://aromatica.co.kr/web/product/medium/202307/144e299817af0c614f258386fc8f3ed1.jpg,VeganSociety
아로마티카,한국,로션/크림,티트리 포어 퓨리파잉 젤크림 5% NIACINAMIDE + 0.1% PHA 100ML,AM15,32000,"티트리잎추출물,부틸렌글라이콜,나이아신아마이드,정제수,글리세린,베타인,1❤️2-헥산다이올,트라이에틸시트레이트,에틸헥실올리베이트,아이소아밀라우레이트,소듐아크릴레이트코폴리머,알지닌,아크릴레이트/C10-30알킬아크릴레이트크로스폴리머,세테아릴올리베이트,프로판다이올,폴리글리세릴-4올리에이트,호호바에스터,판테놀,에틸헥실글리세린,솔비탄올리베이트,알란토인,글루코노락톤,하이드롤라이즈드호호바에스터,타마린드씨폴리사카라이드,티트리잎오일,마트리카리아꽃추출물,로즈마리잎추출물,마편초추출물,카프릴로일살리실릭애씨드,소듐하이알루로네이트,인도멀구슬나무잎추출물,인도멀구슬나무꽃추출물,아이비고드열매추출물,알로에베라꽃추출물,가지열매추출물,홀리바질잎추출물,참산호말추출물,울금뿌리추출물,소듐구아이아줄렌설포네이트,토코페롤","수분공급, 진정","지성, 복합성",https://aromatica.co.kr/web/product/medium/202307/a45e0323cd9151bd10e6ef622200a8f7.jpg,VeganSociety
아로마티카,한국,로션/크림,수딩 알로에 아쿠아 크림 150ML,AM16,20000,"알로에베라잎추출물,글리세린,정제수,부틸렌글라이콜,카프릴릭/카프릭트라이글리세라이드,1❤️2-헥산다이올,라벤더수,로즈마리잎수,아크릴레이트/C10-30알킬아크릴레이트크로스폴리머,알지닌,폴리글리세릴-3메틸글루코오스다이스테아레이트,프로판다이올,에틸헥실글리세린,하이드롤라이즈드글라이코사미노글리칸,말토덱스트린,세라마이드엔피,마트리카리아꽃추출물,로즈마리잎추출물,마편초추출물,타마린드씨폴리사카라이드","수분공급, 진정",모든피부,https://aromatica.co.kr/web/product/medium/202307/e6c874f6702a6a2f283f5139d9ce292b.jpg,VeganSociety
아로마티카,한국,로션/크림,수딩 알로에 베라 젤 150ML,AM17,7000,"알로에베라잎추출물,프로판다이올,1❤️2-헥산다이올,로즈마리잎수,소듐카보머,부틸렌글라이콜,스타아니스추출물,황금추출물,말토덱스트린","수분공급, 진정",모든피부,https://aromatica.co.kr/web/product/medium/202307/a15f0a03d4a674bf4ff5bc437cc6768c.jpg,VeganSociety
아로마티카,한국,로션/크림,수딩 알로에 베라 젤 300ML,AM18,11000,"알로에베라잎추출물,프로판다이올,1❤️2-헥산다이올,로즈마리잎수,소듐카보머,부틸렌글라이콜,스타아니스추출물,황금추출물,말토덱스트린","수분공급, 진정",모든피부,https://aromatica.co.kr/web/product/medium/202307/32d322ff408ca24f5cd84001c2c8fd66.jpg,VeganSociety
아로마티카,한국,로션/크림,수딩 알로에 베라 젤 500ML,AM19,16000,"알로에베라잎추출물,프로판다이올,1❤️2-헥산다이올,로즈마리잎수,소듐카보머,부틸렌글라이콜,스타아니스추출물,황금추출물,말토덱스트린","수분공급, 진정",모든피부,https://aromatica.co.kr/web/product/medium/202307/03af8207f269b2fd305dc226eb2c98ad.jpg,VeganSociety
아로마티카,한국,로션/크림,수딩 알로에 베라 젤 리필 500ML,AM20,15000,"알로에베라잎추출물,프로판다이올,1❤️2-헥산다이올,로즈마리잎수,소듐카보머,부틸렌글라이콜,스타아니스추출물,황금추출물,말토덱스트린","수분공급, 진정",모든피부,https://aromatica.co.kr/web/product/medium/202203/b36497f43a5e764bf91318d3e663bf65.jpg,VeganSociety
아로마티카,한국,로션/크림,수딩 알로에 베라 젤 500ML & 리필 500ML,AM21,31000,"알로에베라잎추출물,프로판다이올,1❤️2-헥산다이올,로즈마리잎수,소듐카보머,부틸렌글라이콜,스타아니스추출물,황금추출물,말토덱스트린","수분공급, 진정",모든피부,https://aromatica.co.kr/web/product/medium/202307/4c8f24d1885e3c393360e915589fed80.jpg,VeganSociety
아로마티카,한국,에센스/세럼/앰플,유기농 로즈힙 오일 30ML,AM22,30000,로즈힙열매오일,"수분공급, 보습, 영양",모든피부,https://aromatica.co.kr/web/product/medium/202307/ab05a5746c6350e4dc92ee20d05775f2.jpg,VeganSociety
아로마티카,한국,에센스/세럼/앰플,유기농 골든 호호바 오일 30ML,AM23,30000,호호바씨오일,보습,모든피부,https://aromatica.co.kr/web/product/medium/202307/5e65428e886585dc953f30a9c3c85120.jpg,VeganSociety
아로마티카,한국,에센스/세럼/앰플,유기농 네롤리 브라이트닝 페이셜 오일 30ML,AM24,30000,"해바라기씨오일,호호바씨오일,보리지씨오일,바바수씨오일,알파-비사보롤,베르가모트오일,토코페롤,센티드제라늄꽃오일,리모넨,리날룰,비터오렌지꽃오일,시트로넬올,제라니올,광곽향오일,시트랄,파네솔",미백,모든피부,https://aromatica.co.kr/web/product/medium/202307/7c028547dadf40f9927f9382022e320a.jpg,VeganSociety
아로마티카,한국,에센스/세럼/앰플,티트리 53 블레미쉬 스팟 10ML,AM25,18000,"다이프로필렌글라이콜,티트리잎추출물,티트리잎오일,카프릴로일살리실릭애씨드,리모넨,레몬밤잎수,리날룰",진정,"지성, 복합성, 민감성",https://aromatica.co.kr/web/product/medium/202307/c0c39e3e6728443e9c2cc70b80877cbd.jpg,VeganSociety
아로마티카,한국,로션/크림,글로우 비타 굿나잇 크림 오렌지 앤 네롤리 90G,AM26,32000,"라벤더추출물,부틸렌글라이콜,글리세린,나이아신아마이드,정제수,에틸헥실팔미테이트,다이카프릴릴카보네이트,1❤️2-헥산다이올,C13-15알케인,세테아릴올리베이트,솔비탄올리베이트,아크릴레이트/C10-30알킬아크릴레이트크로스폴리머,암모늄아크릴로일다이메틸타우레이트/브이피코폴리머,알지닌,폴리글리세릴-6올리에이트,리모넨,오렌지껍질오일,락토바실러스/아세로라체리발효물,에틸헥실글리세린,글리세릴아크릴레이트/아크릴릭애씨드코폴리머,피브이엠/엠에이코폴리머,인도멀구슬나무꽃추출물,다이소듐이디티에이,홀리바질잎추출물,인도멀구슬나무잎추출물,만다린껍질오일,울금뿌리추출물,세라마이드엔피,클레리오일,참산호말추출물,비터오렌지꽃오일,비터오렌지잎/잔가지오일,토코페롤,티아민에이치씨엘,벤질글라이콜,피리독신에이치씨엘,아스코빅애씨드,바이오틴,메나다이온,리보플라빈",미백,모든피부,https://aromatica.co.kr/web/product/medium/202301/b81bfd54ccd9b7b9d21463049858288c.jpg,VeganSociety
아로마티카,한국,에센스/세럼/앰플,프랑킨센스 유스 리뉴얼 세럼 30ML,AM27,50000,"흰목이버섯추출물,영지버섯추출물,잎새버섯추출물,진흙버섯추출물,정제수,부틸렌글라이콜,글리세린,판테놀,카프릴릭/카프릭트라이글리세라이드,에틸헥실팔미테이트,나이아신아마이드,호호바씨오일,트라이에틸시트레이트,C14-22알코올,에리스리톨,바쿠치올,베타-글루칸,호호바에스터,글리세릴글루코사이드,C12-20알킬글루코사이드,1❤️2-헥산다이올,세테아릴알코올,하이드로제네이티드레시틴,카프릴릴글라이콜,스타아니스추출물,잔탄검,아데노신,유향나무검오일,라다넘수지,웨스트오스트레일리아산달우드목부오일,라반딘오일,알지닌,카보머,타마린드씨폴리사카라이드,피마자씨오일,분비나무오일,다이소듐이디티에이,로즈마리잎오일,한련초추출물,인도멀구슬나무꽃추출물,리날룰,홀리바질잎추출물,인도멀구슬나무잎추출물,리모넨,소듐하이알루로네이트,비피다발효용해물,락토바실러스발효용해물,울금뿌리추출물,참산호말추출물,파네솔,글루코오스,드럼스틱씨오일,콜라겐,토코페롤,류코노스톡/무발효여과물","미백, 주름개선",모든피부,https://aromatica.co.kr/web/product/medium/202302/0eeb6518dd354bb893729aabbfb3a37e.jpg,VeganSociety
아로마티카,한국,에센스/세럼/앰플,프랑킨센스 유스 리뉴얼 크림 50ML,AM28,55000,"글리세린,흰목이버섯추출물,정제수,시어버터,카프릴릭/카프릭트라이글리세라이드,영지버섯추출물,잎새버섯추출물,진흙버섯추출물,부틸렌글라이콜,바바수씨오일,스위트아몬드오일,C13-15알케인,나이아신아마이드,1❤️2-헥산다이올,세테아릴글루코사이드,솔비탄스테아레이트,세테아릴알코올,솔비탄올리베이트,폴리글리세릴-6올리에이트,바쿠치올,베타-글루칸,베타인,호호바에스터,판테놀,세테아릴스테아레이트,아크릴레이트/C10-30알킬아크릴레이트크로스폴리머,알지닌,카프릴릴글라이콜,잔탄검,스타아니스추출물,아데노신,인도멀구슬나무꽃추출물,유향나무검오일,라다넘수지,웨스트오스트레일리아산달우드목부오일,라반딘오일,홀리바질잎추출물,인도멀구슬나무잎추출물,한련초추출물,피마자씨오일,분비나무오일,로즈마리잎오일,비피다발효용해물,락토바실러스발효용해물,리날룰,울금뿌리추출물,리모넨,참산호말추출물,파네솔,드럼스틱씨오일,카퍼트라이펩타이드-1,콜라겐,아세틸헥사펩타이드-8,팔미토일펜타펩타이드-4,토코페롤,류코노스톡/무발효여과물,팔미토일테트라펩타이드-7,팔미토일트라이펩타이드-1","미백, 주름개선",모든피부,https://aromatica.co.kr/web/product/medium/202302/1fd2434ade853546251b6d04c219815d.jpg,VeganSociety
아로마티카,한국,에센스/세럼/앰플,글로우 비타 씨 토닝 세럼 오렌지 앤 네롤리 30ML,AM29,35000,"정제수,프로판다이올,글리세린,올리브오일,1❤️2-헥산다이올,3-O-에틸아스코빅애씨드,나이아신아마이드,바쿠치올,카보머,트로메타민,비타민나무열매오일,판테놀,에틸헥실글리세린,아데노신,소듐파이테이트,토코페롤,베타-글루칸,유향나무오일,오렌지껍질오일,만다린껍질오일,비터오렌지꽃오일,소듐시트레이트,아스코빌팔미테이트,시트릭애씨드,페룰릭애씨드,소듐하이알루로네이트,하이드록시프로필트라이모늄하이알루로네이트,하이드롤라이즈드하이알루로닉애씨드,하이알루로닉애씨드,하이드롤라이즈드소듐하이알루로네이트,소듐하이알루로네이트크로스폴리머,포타슘하이알루로네이트,리모넨,리날룰","미백, 주름개선",모든피부,https://aromatica.co.kr/web/product/medium/202308/a4d31814e54e6df4b31d22ccb9afd392.jpg,VeganSociety
아워글래스,미국,에센스/세럼/앰플,이퀼리브리움 스킨 엑티브 세럼 (트래블),HG1,180000,"정제수,다이카프릴릴에터,스쿠알란,폴리글리세릴-10모노/다이올리에이트,폴리글리세릴-3올리에이트,글리세린,포스파티딜세린,글리세린,프로판다이올,두날리엘라살리나추출물,하이드로제네이티드폴리데센,스쿠알란,돌콩스테롤,글리세릴코코에이트,중국당귀뿌리추출물,에칠아스코빌에텔,토코페릴아세테이트,세틸알코올,베헤닐베헤네이트,소듐하이알루로네이트,잔탄검,세틸하이드록시에틸셀룰로오스,다이소듐이디티에이,카프릴릴글라이콜,페녹시에탄올,헥실렌글라이콜",수분공급,모든피부,https://shop-phinf.pstatic.net/20220922_143/1663828144262RzR3K_JPEG/infixkolon_Naver_0000229668_31201_Copy.jpg?type=f296_296,PETA
아워글래스,미국,로션/크림,이퀼리브리움 인스턴트 플럼핑 아이 마스크 30ml,HG2,200000,"글리세린,정제수,카프릴릭/카프릭트라이글리세라이드,아이소데실네오펜타노에이트,펜틸렌글라이콜,소듐아크릴레이트코폴리머,하이드로제네이티드폴리데센,페녹시에탄올,해바라기씨오일,포스포리피드,폴리글리세릴-10스테아레이트,토코페롤,포스파티딜글리세롤,레시틴",주름케어,모든피부,https://shop-phinf.pstatic.net/20220919_194/16635734383272ACWi_JPEG/64709222044956421_1251680247.jpg?type=f296_296,PETA
아워글래스,미국,로션/크림,이퀼리브리움 리스토어 하이드레이팅 크림 54g,HG3,104000,"정제수,카프릴릭/카프릭트라이글리세라이드,글리세린,부틸렌글라이콜,다이펜타에리스리틸헥사하이드록시스테아레이트/헥사스테아레이트/헥사로지네이트,하이드로제네이티드레이프씨드알코올,나이아신아마이드,펜틸렌글라이콜,스쿠알란,피토스테릴/옥틸도데실라우로일글루타메이트,폴리글리세릴-10스테아레이트,베헤닐알코올,글리세릴스테아레이트,글리세릴글루코사이드,다이글리세린,페녹시에탄올,잔탄검,소듐시트레이트,토코페롤,소듐스테아로일글루타메이트,시트릭애씨드,포스파티딜글리세롤,레시틴","영양공급, 유수분밸런스조절, 윤기부여","모든피부, 건성, 복합성",https://shop-phinf.pstatic.net/20220919_144/1663573769473j2PhY_JPEG/64709612183733509_1751277610.jpg?type=f296_296,PETA
아워글래스,미국,에센스/세럼/앰플,이퀼리브리움 리스토어링 에센스 120ml,HG4,136800,"정제수,부틸렌글라이콜,펜틸렌글라이콜,알테로모나스발효추출물,칼슘글루코네이트,칼슘피씨에이,카프릴로일글라이신,시트릭애씨드,엑토인,글루코노락톤,글리세린,하이드록시엑토인,레시틴,포스파티딜글리세롤,소듐시트레이트,소듐하이알루로네이트,잔탄검,페녹시에탄올,소듐벤조에이트","수분공급, 흡수력",모든피부,https://shop-phinf.pstatic.net/20220919_289/1663574065625O1K8D_JPEG/64709908333364824_996417410.jpg?type=f296_296,PETA
아워글래스,미국,로션/크림,이퀼리브리움 하이드레이팅 아이 밤 16.3g,HG5,152000,"글리세린,트라이에틸헥사노인,메틸트라이메티콘,다이글리세린,폴리글리세릴-6폴리리시놀리에이트,다이메티콘,다이스테아다이모늄헥토라이트,펜틸렌글라이콜,에틸헥실팔미테이트,글리세릴다이베헤네이트,피이지-9폴리다이메틸실록시에틸다이메티콘,폴리메틸실세스퀴옥세인,정제수,아스코빅애씨드,부틸렌글라이콜,다이메티콘/비닐다이메티콘크로스폴리머,다이팔미토일하이드록시프롤린,글리세릴글루코사이드,레시틴,대추야자씨추출물,포스파티딜글리세롤,피토스테릴/옥틸도데실라우로일글루타메이트,카카오씨추출물,토코페롤","주름케어, 수분공급",모든피부,https://shop-phinf.pstatic.net/20221220_230/1671512073161qOPrF_JPEG/72647918879635026_1494776134.jpg?type=f296_296,PETA
에센허브,한국,에센스/세럼/앰플,에센허브 티트리 100% 오일 10ml,EH1,15900,"티트리잎오일,리모넨,리날룰",트러블케어," 모든피부, 지복합성, 지성",https://shop-phinf.pstatic.net/20230112_171/1673487799584Ccye0_JPEG/74623583275515015_665216871.jpg?type=f295_381,EVE VEGAN
에센허브,한국,에센스/세럼/앰플,에센허브 비건 호호바 100 오일 비정제 냉압착 60ml,EH2,38000,호호바씨오일,"트러블케어, 피부보호",건성,https://shop-phinf.pstatic.net/20221202_200/1669945317394zac5x_JPEG/71081097114233211_509930733.jpg?type=f295_381,VeganSociety
에센허브,한국,에센스/세럼/앰플,에센허브 티트리 100 오일 20ml,EH3,23100,"티트리잎오일,리모넨,리날룰",트러블케어,"모든피부, 지복합성, 지성",https://shop-phinf.pstatic.net/20221223_25/1671782495492fQxoW_JPEG/72918391211659318_64085777.jpg?type=f295_381,EVE VEGAN
에센허브,한국,로션/크림,에센허브 티트리 프로바이오틱스 크림,EH4,42000,"티트리잎추출물,티트리잎오일,락토바실러스발효용해물,비피다발효용해물,락토코쿠스발효용해물,락토바실러스발효물,락토바실러스/쌀발효물,소듐하이알루로네이트,트레할로오스,베타-글루칸,알란토인","트러블케어, 유수분밸런스조절, 수분공급","모든피부,지복합성, 민감지성",https://shop-phinf.pstatic.net/20221102_237/1667366059804mQ35P_JPEG/68501958499516865_1312628952.jpg?type=f295_381,EVE VEGAN
에센허브,한국,스킨/토너,에센허브 비건 티트리 90 카밍 토너 320ml,EH5,23940,"티트리잎추출물,부틸렌글라이콜,나이아신아마이드,다이프로필렌글라이콜,다이메틸이미다졸리디논쌀전분,글리세린,트레할로오스,베타인,자몽추출물,유자추출물,유칼립투스잎추출물,클로브꽃추출물,도둑놈의지팡이뿌리추출물,알란토인,티트리잎오일,피피지-26-부테스-26,피이지-40하이드로제네이티드캐스터오일,1❤️2-헥산다이올,카프릴릴글라이콜,아데노신,스타아니스추출물,다이포타슘글리시리제이트,시트릭애씨드,멘톡시프로판다이올,슈가켈프추출물,버지니아풍년화잎수,알로에베라잎추출물,병풀추출물,카페인,토코페릴아세테이트,다이소듐이디티에이","트러블케어, 수분공급, 피부진정, 유수분밸런스조절, 피부결정돈, 피지케어","지성, 지복합성, 복합성",https://shop-phinf.pstatic.net/20230509_243/1683608953208fCDHg_JPEG/38006492228979796_214400228.jpg?type=f295_381,VeganSociety
에센허브,한국,스킨/토너,에센허브 티트리 밸런싱 인 카밍 토너 200ml,EH6,68000,"정제수,프로판다이올,티트리잎수,1❤️2-헥산다이올,티트리잎추출물,글리세린,메틸프로판다이올,티트리추출물,소듐하이알루로네이트,라벤더오일,티트리잎오일,백미꽃추출물,티트리꽃/잎/줄기추출물,접시꽃추출물,오렌지껍질오일,버지니아풍년화추출물,하이드롤라이즈드하이알루로닉애씨드,하이알루로닉애씨드,글리세레스-26,베타인,암모늄아크릴로일다이메틸타우레이트/브이피코폴리머,판테놀,C12-14알케스-12,부틸렌글라이콜,옥틸도데세스-16,에틸헥실글리세린,아데노신,알란토인,펜틸렌글라이콜,베타-글루칸,토코페롤,세라마이드엔피,하이드록시프로필트라이모늄하이알루로네이트,4-터피네올,소듐아세틸레이티드하이알루로네이트,하이드롤라이즈드소듐하이알루로네이트,소듐하이알루로네이트크로스폴리머,포타슘하이알루로네이트,리모넨,리날룰","트러블케어, 수분공급, 피부진정, 유수분밸런스조절, 피부결정돈, 피지케어",모든피부,https://shop-phinf.pstatic.net/20230612_277/1686561165389oNWkn_JPEG/957624070683488_409437127.jpg?type=f295_381,EVE VEGAN
에센허브,한국,로션/크림,에센허브 티트리 수딩 인 카밍 크림 80ml,EH7,19900,"정제수,글리세린,부틸렌글라이콜,티트리잎수,카프릴릭/카프릭트라이글리세라이드,다이카프릴릴카보네이트,티트리잎추출물,펜틸렌글라이콜,1❤️2-헥산다이올,라벤더오일,티트리잎오일,티트리추출물,티트리꽃/잎/줄기추출물,백미꽃추출물,오렌지껍질오일,접시꽃추출물,병풀잎추출물,유칼립투스잎추출물,다이글리세린,하이드로제네이티드폴리데센,판테놀,비닐다이메티콘,카프릴릴메티콘,폴리메틸실세스퀴옥세인,암모늄아크릴로일다이메틸타우레이트/브이피코폴리머,하이드록시에틸아크릴레이트/소듐아크릴로일다이메틸타우레이트코폴리머,아크릴레이트/C10-30알킬아크릴레이트크로스폴리머,다이메티콘올,트로메타민,마데카소사이드,글리세릴아크릴레이트/아크릴릭애씨드코폴리머,에틸헥실글리세린,하이드로제네이티드레시틴,소듐파이테이트,알란토인,베타-글루칸,다이포타슘글리시리제이트,세라마이드엔피,4-터피네올,토코페롤,잔탄검,리모넨,리날룰","수분공급, 유수분밸런스조절",모든피부,https://shop-phinf.pstatic.net/20230612_175/16865611973539nPeF_JPEG/273648195387113_1035491863.jpg?type=f295_381,EVE VEGAN
에센허브,한국,로션/크림,에센허브 호호바 코어7 크림 50ml,EH8,50000,"호호바씨오일,호호바씨추출물,세라마이드이오피,판테놀,나이아신아마이드,아데노신","수분공급, 피부탄력, 윤기부여, 주름케어","건성, 민감성",https://shop-phinf.pstatic.net/20221102_14/166736609689795IQM_JPEG/68501995595599703_509022970.jpg?type=f295_381,EVE VEGAN
에센허브,한국,에센스/세럼/앰플,에센허브 티트리 컨트롤 인 카밍 앰플 30ml,EH9,19990,"티트리잎수,글리세린,다이프로필렌글라이콜,부틸렌글라이콜,1❤️2-헥산다이올,정제수,티트리잎추출물,메틸프로판다이올,펜틸렌글라이콜,인도멀구슬나무잎추출물,카카오추출물,인도멀구슬나무꽃추출물,소듐하이알루로네이트,라벤더오일,티트리잎오일,오렌지껍질오일,녹차추출물,병풀잎추출물,티트리추출물,티트리꽃/잎/줄기추출물,사과추출물,유칼립투스잎추출물,글리세레스-26,하이드록시에틸우레아,폴리글리세릴-10라우레이트,판테놀,소듐폴리아크릴레이트,에틸헥실글리세린,아데노신,덱스트린,베타-글루칸,토코페롤,4-터피네올,카보머,리모넨,리날룰","트러블케어, 수분공급","모든피부, 민감성",https://shop-phinf.pstatic.net/20230609_210/1686297262013hhkVc_JPEG/229324820164393_93006871.jpg?type=f295_381,EVE VEGAN
에센허브,한국,에센스/세럼/앰플,에센허브 티트리 프로바이오틱스 스팟 겔 20ml,EH10,34000,"흰버드나무껍질추출물,티트리잎오일,로즈힙열매오일,베타인살리실레이트,티트리추출물,병풀추출물,마데카소사이드,아시아티코사이드,마데카식애씨드,아시아틱애씨드,락토코쿠스발효추출물,비피다발효추출물,락토바실러스발효용해물,락토바실러스발효물,나이아신아마이드,피토스테롤,세라마이드엔피",트러블케어,"지성, 여드름성",https://shop-phinf.pstatic.net/20230524_130/16848904217266XmC3_JPEG/16826899499388052_468908077.jpg?type=f295_381,EVE VEGAN
에센허브,한국,로션/크림,에센허브 티트리 크림 50ml,EH11,16900,"티트리잎추출물,글리세린,세틸에틸헥사노에이트,나이아신아마이드,세테아릴알코올,프로필렌글라이콜다이카프릴레이트,부틸렌글라이콜다이카프릴레이트/다이카프레이트,비즈왁스,폴리글리세릴-3메틸글루코오스다이스테아레이트,부틸렌글라이콜,정제수,마카다미아씨오일,해바라기씨오일,판테놀,솔비탄세스퀴올리에이트,아데노신,소듐하이알루로네이트,병풀추출물,알로에베라잎추출물,페퍼민트추출물,유칼립투스잎추출물,캐모마일꽃추출물,다이소듐이디티에이,암모늄아크릴로일다이메틸타우레이트/브이피코폴리머,벤질글라이콜,에틸헥실글리세린,라즈베리케톤,1❤️2-헥산다이올,티트리잎오일",수분공급,모든피부,https://shop-phinf.pstatic.net/20221102_80/16673659932443vaWF_JPEG/68501891909899666_1263600674.jpg?type=f295_381,EVE VEGAN
에프플로우,한국,에센스/세럼/앰플,에프플로우 세라베리옴™ 앰플 프렙 에센스,FF1,36000,"정제수,글리세린,부틸렌글라이콜,메틸프로판다이올,프로판다이올,에톡시다이글라이콜,1❤️2-헥산다이올,나이아신아마이드,클로렐라불가리스추출물,비피다발효여과물,비피다발효용해물,락토바실러스발효용해물,락토코쿠스발효용해물,효모발효여과물,카카오씨추출물,하늘타리뿌리추출물,서양톱풀추출물,프랑스해안송껍질추출물,글루코오스,프룩토올리고사카라이드,프룩토오스,폴리글리세릴-10라우레이트,카프릴릴글라이콜,판테놀,에틸헥실글리세린,아데노신,소듐시트레이트,덱스트린,시트릭애씨드,소듐파이테이트,카프릴릭/카프릭트라이글리세라이드,하이드로제네이티드레시틴,펜틸렌글라이콜,세라마이드엔피,토코페롤,잔탄검","영양, 주름개선",모든피부,https://age20s.co.kr/web/product/medium/202304/1aa9985658e3a62696842591e4dd55f7.jpg,한국비건인증원
에프플로우,한국,로션/크림,에프플로우 시카 세라마이드 수분 크림,FF2,36000,"정제수,글리세린,프로판다이올,페닐트라이메티콘,부틸렌글라이콜,나이아신아마이드,폴리글리세릴-3메틸글루코오스다이스테아레이트,1❤️2-헥산다이올,시어버터,도데세닐스테아릴석신아마이드,알로에베라잎추출물,마데카식애씨드,아시아티코사이드,아시아틱애씨드,병풀추출물,소듐하이알루로네이트,인도멀구슬나무잎추출물,인도멀구슬나무꽃추출물,아이비고드열매추출물,가지열매추출물,알로에베라꽃추출물,홀리바질잎추출물,알테로모나스발효추출물,울금뿌리추출물,참산호말추출물,세테아릴알코올,수크로오스스테아레이트,하이드로제네이티드포스파티딜콜린,암모늄아크릴로일다이메틸타우레이트/브이피코폴리머,아크릴레이트/C10-30알킬아크릴레이트크로스폴리머,잔탄검,아데노신,다이소듐이디티에이,트로메타민,카프릴릴글라이콜,에틸헥실글리세린,니코티노일트라이펩타이드-1","수분공급, 진정, 미백,주름개선",모든피부,https://age20s.co.kr/web/product/medium/202304/d49499d82c958a6722f873b156912b68.jpg,한국비건인증원
에프플로우,한국,에센스/세럼/앰플,에프플로우 세라펩타 수분 프렙 에센스,FF3,28000,"정제수,글리세린,부틸렌글라이콜,메틸프로판다이올,프로판다이올,에톡시다이글라이콜,나이아신아마이드,1❤️2-헥산다이올,스트렙토코쿠스테르모필루스발효물,클로렐라불가리스추출물,사과즙,뽕나무잎추출물,백미꽃추출물,접시꽃추출물,글루코오스,폴리글리세릴-10라우레이트,프룩토올리고사카라이드,프룩토오스,판테놀,에틸헥실글리세린,아데노신,소듐시트레이트,시트릭애씨드,소듐파이테이트,펜틸렌글라이콜,마데카소사이드,카프릴릭/카프릭트라이글리세라이드,하이드로제네이티드레시틴,세라마이드엔피,토코페롤,아세틸헥사펩타이드-8,아스코빅애씨드폴리펩타이드,아세틸옥타펩타이드-3,아세틸테트라펩타이드-2,아세틸테트라펩타이드-3,아세틸테트라펩타이드-5,아세틸테트라펩타이드-9,카르노신,카퍼트라이펩타이드-1,노나펩타이드-1,팔미토일펜타펩타이드-4,팔미토일트라이펩타이드-1,팔미토일트라이펩타이드-5,잔탄검","수분공급, 보습, 미백, 주름개선",모든피부,https://age20s.co.kr/web/product/medium/202304/f340536ee972fb20227a7e4ce2a7cb20.jpg,한국비건인증원
에프플로우,한국,에센스/세럼/앰플,에프플로우 3-HA™ 포어 프렙 에센스,FF4,28000,"정제수,나이아신아마이드,다이프로필렌글라이콜,펜틸렌글라이콜,글리세린,메틸프로판다이올,스트렙토코쿠스테르모필루스발효물,사과즙,백미꽃추출물,접시꽃추출물,병풀추출물,티트리잎추출물,글리세레스-26,부틸렌글라이콜,판테놀,살리실릭애씨드,아데노신,소듐파이테이트,글루코노락톤,만델릭애씨드,트로메타민,1❤️2-헥산다이올,에틸헥실글리세린,팔미토일트라이펩타이드-5,아세틸헥사펩타이드-8,아스코빅애씨드폴리펩타이드,아세틸옥타펩타이드-3,아세틸테트라펩타이드-2,아세틸테트라펩타이드-3,아세틸테트라펩타이드-5,아세틸테트라펩타이드-9,카르노신,카퍼트라이펩타이드-1,노나펩타이드-1,팔미토일펜타펩타이드-4,팔미토일트라이펩타이드-1,잔탄검","영양, 진정, 미백, 주름개선",모든피부,https://age20s.co.kr/web/product/medium/202304/df9ac0ec8d09623925a2a9022cd767dd.jpg,한국비건인증원
오드리앤영,한국,로션/크림,하이 비건 얼스 워터 크림 80mL,AY1,18000,"정제수,부틸렌글라이콜,글리세린,1❤️2-헥산다이올,다이메티콘/비닐다이메티콘크로스폴리머,카프릴릴메티콘,프로판다이올,세테아릴올리베이트,글리세레스-26,솔비탄올리베이트,하이드로제네이티드폴리데센,바이오사카라이드검-1,트로메타민,카보머,아크릴레이트/C10-30알킬아크릴레이트크로스폴리머,폴리글리세릴-10미리스테이트,에틸헥실글리세린,하이드록시에틸셀룰로오스,다이소듐이디티에이,인도멀구슬나무잎추출물,인도멀구슬나무꽃추출물,소듐하이알루로네이트,암모늄폴리아크릴로일다이메틸타우레이트,하이알루로닉애씨드,하이드롤라이즈드하이알루로닉애씨드,아이비고드열매추출물,알로에베라꽃추출물,가지열매추출물,연꽃잎추출물,제주조릿대추출물,겨우살이추출물,홀리바질잎추출물,알지닌,산뽕나무잎추출물,불가리스쑥추출물,참산호말추출물,울금뿌리추출물","수분공급, 보습, 피부진정","모든피부, 건성",https://cdn-pro-web-250-83.cdn-nhncommerce.com/hanmiinter_godomall_com/data/goods/21/05/21/1000000075/1000000075_main_09.jpg,EVE VEGAN
오드리앤영,한국,스킨/토너,하이 비건 얼스 워터 토너 200mL,AY2,15000,"정제수,글리세린,부틸렌글라이콜,1❤️2-헥산다이올,글리세레스-26,하이드록시아세토페논,프로판다이올,에틸헥실글리세린,암모늄아크릴로일다이메틸타우레이트/브이피코폴리머,다이소듐이디티에이,소듐하이알루로네이트,하이알루로닉애씨드,하이드롤라이즈드하이알루로닉애씨드,연꽃잎추출물,제주조릿대추출물,겨우살이추출물,산뽕나무잎추출물,불가리스쑥추출물","수분공급, 보습, 피부진정","모든피부, 건성",https://cdn-pro-web-250-83.cdn-nhncommerce.com/hanmiinter_godomall_com/data/goods/21/05/21/1000000074/1000000074_main_017.jpg,EVE VEGAN
오드리앤영,한국,에센스/세럼/앰플,(5매) 아이 라이크 레드 스위트원 세럼 마스크,AY3,15000,"정제수,부틸렌글라이콜,다이프로필렌글라이콜,글리세린,나이아신아마이드,1❤️2-헥산다이올,흰목이버섯포자낭과추출물,칼슘판토테네이트,아스코빅애씨드,리놀레익애씨드,레티닐아세테이트,바이오틴,유비퀴논,자몽추출물,구기자추출물,라즈베리추출물,로즈힙열매추출물,비타민나무열매추출물,석류추출물,히비스커스꽃추출물,사카라이드하이드롤리세이트,말토덱스트린,소듐팔미토일프롤린,알바수련꽃추출물,판테놀,잔탄검,카보머,트로메타민,한련초추출물,아이비고드열매추출물,인도멀구슬나무꽃추출물,시트릭애씨드,에틸헥실글리세린,토코페롤,소듐파이테이트","미백, 피부진정",모든피부,https://cdn-pro-web-250-83.cdn-nhncommerce.com/hanmiinter_godomall_com/data/goods/21/04/17/1000000066/1000000066_main_061.jpg,EVE VEGAN
오드리앤영,한국,에센스/세럼/앰플,(5매) 아이 라이크 시카 마이크로바이옴 세럼 마스크,AY4,18000,"정제수,부틸렌글라이콜,글리세린,다이프로필렌글라이콜,1❤️2-헥산다이올,판테놀,폴리글리세릴-10라우레이트,카보머,트로메타민,시트릭애씨드,잔탄검,인도멀구슬나무잎추출물,병풀추출물,글리세릴카프릴레이트,락토바이오닉애씨드,비피다발효용해물,인도멀구슬나무꽃추출물,흰목이버섯포자낭과추출물,자일리틸글루코사이드,안하이드로자일리톨,덱스트린,자일리톨,마데카소사이드,말토덱스트린,아보카도열매추출물,하이드롤라이즈드식물성단백질,글루코오스,치자추출물,토코페롤,쇠비름추출물,마데카식애씨드,아시아티코사이드,아시아틱애씨드,소듐파이테이트,에틸헥실글리세린","수분공급, 보습, 피부진정",모든피부,https://cdn-pro-web-250-83.cdn-nhncommerce.com/hanmiinter_godomall_com/data/goods/21/04/17/1000000065/1000000065_main_014.jpg,EVE VEGAN
오드리앤영,한국,에센스/세럼/앰플,아이 라이크 레드 스위트원 세럼 마스크,AY5,3000,"정제수,부틸렌글라이콜,다이프로필렌글라이콜,글리세린,나이아신아마이드,1❤️2-헥산다이올,흰목이버섯포자낭과추출물,칼슘판토테네이트,아스코빅애씨드,리놀레익애씨드,레티닐아세테이트,바이오틴,유비퀴논,자몽추출물,구기자추출물,라즈베리추출물,로즈힙열매추출물,비타민나무열매추출물,석류추출물,히비스커스꽃추출물,사카라이드하이드롤리세이트,말토덱스트린,소듐팔미토일프롤린,알바수련꽃추출물,판테놀,잔탄검,카보머,트로메타민,한련초추출물,아이비고드열매추출물,인도멀구슬나무꽃추출물,시트릭애씨드,에틸헥실글리세린,토코페롤,소듐파이테이트","미백, 피부진정",모든피부,https://cdn-pro-web-250-83.cdn-nhncommerce.com/hanmiinter_godomall_com/data/goods/21/04/17/1000000064/1000000064_main_06.jpg,EVE VEGAN
오드리앤영,한국,에센스/세럼/앰플,아이 라이크 시카 마이크로바이옴 세럼 마스크,AY6,4000,"정제수,부틸렌글라이콜,글리세린,다이프로필렌글라이콜,1❤️2-헥산다이올,판테놀,폴리글리세릴-10라우레이트,카보머,트로메타민,시트릭애씨드,잔탄검,인도멀구슬나무잎추출물,병풀추출물,글리세릴카프릴레이트,락토바이오닉애씨드,비피다발효용해물,인도멀구슬나무꽃추출물,흰목이버섯포자낭과추출물,자일리틸글루코사이드,안하이드로자일리톨,덱스트린,자일리톨,마데카소사이드,말토덱스트린,아보카도열매추출물,하이드롤라이즈드식물성단백질,글루코오스,치자추출물,토코페롤,쇠비름추출물,마데카식애씨드,아시아티코사이드,아시아틱애씨드,소듐파이테이트,에틸헥실글리세린","피부진정, 수분공급, 보습",모든피부,https://cdn-pro-web-250-83.cdn-nhncommerce.com/hanmiinter_godomall_com/data/goods/21/04/17/1000000063/1000000063_main_086.jpg,EVE VEGAN
오드리앤영,한국,에센스/세럼/앰플,아이 라이크 레드 스위트원 세럼 30mL,AY7,32000,"정제수,부틸렌글라이콜,글리세린,나이아신아마이드,1❤️2-헥산다이올,사카라이드하이드롤리세이트,판테놀,로즈힙열매추출물,라즈베리추출물,자몽추출물,구기자추출물,비타민나무열매추출물,석류추출물,히비스커스꽃추출물,소듐팔미토일프롤린,알바수련꽃추출물,토코페롤,아스코빅애씨드,칼슘판토테네이트,리놀레익애씨드,유비퀴논,레티닐아세테이트,바이오틴,아이비고드열매추출물,한련초추출물,인도멀구슬나무꽃추출물,암모늄아크릴로일다이메틸타우레이트/브이피코폴리머,다이프로필렌글라이콜,소듐파이테이트,잔탄검,시트릭애씨드,말토덱스트린,에틸헥실글리세린,글리세릴아크릴레이트/아크릴릭애씨드코폴리머","피부진정, 수분공급, 보습,피부활력증가, 미백",모든피부,https://cdn-pro-web-250-83.cdn-nhncommerce.com/hanmiinter_godomall_com/data/goods/20/12/49/1000000037/1000000037_main_086.jpg,EVE VEGAN
오드리앤영,한국,에센스/세럼/앰플,아이 라이크 블루밍 에너지 세럼 30mL,AY8,32000,"정제수,메틸프로판다이올,글리세린,메틸글루세스-20,폴리글리세린-3,다이글리세린,카프릴릭/카프릭트라이글리세라이드,베타인,글루코노락톤,보리지씨오일,덱스트린,다이포타슘글리시리제이트,하이드롤라이즈드치자추출물,치자추출물,말토덱스트린,1❤️2-헥산다이올,소듐하이알루로네이트,로즈마리잎오일,일랑일랑꽃오일,블루플래그아이리스추출물,세라마이드엔피,토코페롤,하이드로제네이티드레시틴,하이드록시프로필트라이모늄하이알루로네이트,하이드롤라이즈드하이알루로닉애씨드,소듐아세틸레이티드하이알루로네이트,하이알루로닉애씨드,소듐하이알루로네이트크로스폴리머,포타슘하이알루로네이트,하이드록시에틸아크릴레이트/소듐아크릴로일다이메틸타우레이트코폴리머,다이프로필렌글라이콜,하이드록시아세토페논,카프릴릴글라이콜,에틸헥실글리세린,솔비탄아이소스테아레이트,잔탄검,소듐파이테이트,글리세릴아크릴레이트/아크릴릭애씨드코폴리머,부틸렌글라이콜","피부활력, 수분공급, 보습, 피부장벽강화, 피부탄력증가",모든피부,https://cdn-pro-web-250-83.cdn-nhncommerce.com/hanmiinter_godomall_com/data/goods/20/12/49/1000000036/1000000036_main_086.jpg,EVE VEGAN
오드리앤영,한국,에센스/세럼/앰플,아이 라이크 컨센트레이트 오일 30mL,AY9,32000,"카프릴릭/카프릭트라이글리세라이드,다이카프릴릴카보네이트,해바라기씨오일,비타민나무오일,당호박씨오일,포도씨오일,올리브오일,당근씨오일,녹차씨오일,양까막까치밥나무씨오일,브로콜리씨오일,잇꽃씨오일,토마토씨오일,드럼스틱씨오일,글라이코스핑고리피드,글라이코리피드,토코페롤,정제수","피부진정, 수분공급, 보습, 피부장벽강화, 피부결케어",모든피부,https://cdn-pro-web-250-83.cdn-nhncommerce.com/hanmiinter_godomall_com/data/goods/20/12/49/1000000035/1000000035_main_06.jpg,EVE VEGAN
오드리앤영,한국,에센스/세럼/앰플,아이 라이크 시카 마이크로바이옴 세럼 30mL,AY10,32000,"정제수,부틸렌글라이콜,다이프로필렌글라이콜,글리세린,1❤️2-헥산다이올,판테놀,병풀추출물,락토바이오닉애씨드,비피다발효용해물,마데카소사이드,아보카도열매추출물,덱스트린,자일리톨,글루코오스,자일리틸글루코사이드,안하이드로자일리톨,쇠비름추출물,아시아틱애씨드,마데카식애씨드,아시아티코사이드,하이알루로닉애씨드,하이드롤라이즈드식물성단백질,치자추출물,하이드롤라이즈드소듐하이알루로네이트,시트릭애씨드,펜틸렌글라이콜,잔탄검,소듐파이테이트,인도멀구슬나무잎추출물,소듐하이알루로네이트,소듐하이알루로네이트크로스폴리머,인도멀구슬나무꽃추출물,폴리글리세릴-10라우레이트,카보머,트로메타민,에틸헥실글리세린,하이드롤라이즈드하이알루로닉애씨드,말토덱스트린,토코페롤","피부진정, 수분공급, 보습, 피부장벽강화",모든피부,https://cdn-pro-web-250-83.cdn-nhncommerce.com/hanmiinter_godomall_com/data/goods/20/11/48/1000000034/1000000034_main_041.jpg,EVE VEGAN
이즈그린,한국,스킨/토너,이즈그린 LHA 비건 토너,IG1,34000,"정제수,부틸렌글라이콜,글리세린,글리세레스-26,변성알코올,1❤️2-헥산다이올,베타인,글리세릴글루코사이드,판테놀,C12-14알케스-12,알란토인,에틸헥실글리세린,소듐시트레이트,폴리아크릴레이트크로스폴리머-6,아데노신,개똥쑥추출물,사철쑥추출물,시트릭애씨드,다이소듐이디티에이,글루코오스,감초뿌리추출물,히비스커스꽃추출물,파스향나무잎추출물,카프릴로일살리실릭애씨드,백미꽃추출물,베르가모트오일,리모넨,말토덱스트린,소듐하이알루로네이트,t-부틸알코올,카프릴릴글라이콜,에난티아클로란타껍질추출물,프로판다이올,피이지-60아몬드글리세라이즈,레스페데자카피타타잎/줄기추출물,올레아놀릭애씨드,카보머,노르다이하이드로구아이아레틱애씨드","각질제거, 피지조절","민감성,트러블용",https://shop-phinf.pstatic.net/20210428_11/1619575636427uO8nx_JPEG/20711416150349790_731463530.jpg?type=f396,한국비건인증원
이즈그린,한국,로션/크림,이즈그린 LHA 비건 크림,IG2,48000,"정제수,부틸렌글라이콜,글리세린,카프릴릭/카프릭트라이글리세라이드,다이카프릴릴카보네이트,1❤️2-헥산다이올,폴리글리세릴-3스테아레이트,세테아릴올리베이트,판테놀,스쿠알란,베타인,아크릴레이트/C10-30알킬아크릴레이트크로스폴리머,하이드로제네이티드레시틴,소듐카보머,카프릴로일살리실릭애씨드,하이드록시에틸셀룰로오스,잔탄검,다이소듐이디티에이,개똥쑥추출물,사철쑥추출물,감초뿌리추출물,히비스커스꽃추출물,파스향나무잎추출물,피이지-60아몬드글리세라이즈,카프릴릴글라이콜,에난티아클로란타껍질추출물,말토덱스트린,라벤더오일,백미꽃추출물,카보머,올레아놀릭애씨드,노르다이하이드로구아이아레틱애씨드","수분공급, 트러블케어, 피부진정",모든피부,https://shop-phinf.pstatic.net/20210422_48/1619080235262Hxef0_JPEG/20216123974454208_793516689.jpg?type=f295_381,한국비건인증원
이즈그린,한국,에센스/세럼/앰플,이즈그린 LHA 비건 에센스,IG3,51000,"정제수,다이프로필렌글라이콜,부틸렌글라이콜,글리세린,1❤️2-헥산다이올,펜타에리스리틸테트라아이소스테아레이트,하이드로제네이티드폴리데센,파스향나무잎추출물,세틸에틸헥사노에이트,폴리글리세릴-3스테아레이트,세테아릴올리베이트,글리세릴스테아레이트,판테놀,세테아릴알코올,하이드로제네이티드레시틴,암모늄아크릴로일다이메틸타우레이트/브이피코폴리머,하이드록시에틸아크릴레이트/소듐아크릴로일다이메틸타우레이트코폴리머,사철쑥추출물,개똥쑥추출물,히비스커스꽃추출물,감초뿌리추출물,소듐아크릴레이트/소듐아크릴로일다이메틸타우레이트코폴리머,잔탄검,카프릴로일살리실릭애씨드,폴리아이소부텐,다이포타슘글리시리제이트,베르가모트오일,솔비탄아이소스테아레이트,솔비탄올리에이트,카프릴릴/카프릴글루코사이드,프로판다이올,말토덱스트린,카프릴릴글라이콜,피이지-60아몬드글리세라이즈,레스페데자카피타타잎/줄기추출물,백미꽃추출물,카보머,노르다이하이드로구아이아레틱애씨드,올레아놀릭애씨드,다이소듐이디티에이,리모넨,리날룰","수분공급, 트러블케어, 모공케어, 유수분밸런스조절",모든피부,https://shop-phinf.pstatic.net/20210422_3/1619080193486zHKzq_JPEG/20216081952205967_887886055.jpg?type=f295_381,한국비건인증원
톤28,한국,로션/크림,해남404 펩타시카 새벽 크림 50g,TN1,42000,"병풀추출물,부틸렌글라이콜,프로판다이올,카프릴릭/카프릭트라이글리세라이드,아이소아밀라우레이트,다이아이소스테아릴말레이트,마카다미아씨오일,다이카프릴릴카보네이트,나이아신아마이드,세테아릴올리베이트,시어버터,글리세릴스테아레이트,펜틸렌글라이콜,하이드록시에틸아크릴레이트/소듐아크릴로일다이메틸타우레이트코폴리머,솔비탄올리베이트,정제수,판테놀,카보머,알란토인,다이포타슘글리시리제이트,알지닌,광곽향오일,센티드제라늄오일,자몽껍질오일,카프릴릴글라이콜,솔비탄아이소스테아레이트,잔탄검,아데노신,베르가모트오일,덱스트린,치자추출물,비터오렌지꽃오일,유칼립투스잎오일,멕시칸주니퍼오일,로즈우드오일,일랑일랑꽃오일,비터오렌지잎/잔가지오일,아시아티코사이드,마데카소사이드,마데카식애씨드,아시아틱애씨드,아세틸헥사펩타이드-8,리날룰,리모넨,벤질벤조에이트,시트랄,시트로넬올,제라니올","미백, 주름개선","건성, 민감성",https://doc-08-58-docs.googleusercontent.com/docs/securesc/hs01evm6e0hsi48olt6avqt8u6goghka/3uao7a0nhhrf4r965oafeepudd0di4rm/1696907700000/15133659543599301165/10866428248407012855/14QtKpJn_MlZ9KzOn-UFeQrN9GxceARsT?e=view&ax=AA75yW5MGizkqjWpNTwYMNB8e9macqiFGQBqutoGAcY0lgeydVby2GNJuSDLuf7PMlBWVzPgMJUuFwsZx7O8eQGEUDdFFC6O2_5OcmdMh8MjLw2URO07IyzccSG2LWLJ_9MVEc0s6Cjr1CCcH4gb13zVRJoFYTeH4A7ZWHzp8j-i5-3XaEakIWcX2bgQDt6kd1geOi50sVNc4MC4rqHiDqoAx8BUb5I006LZAlnI91oirqWS-beTK3qX18cpFynFFAynTXe0WlbPhvTcg6Kj5WqEqWgVJrAV3SC-16P8BFmoeJKh0wqn0DbYCxgdZm_A1QhNR8TYcilJBPeuDK1P05IjUVPGJhGOoi2Pfz4uW4mLwIpF9qAQ3Ko1eOTQsdAvZRkPHrHbKsTfC_-4nqpUwYb4Qj5rTWnp1fk-6xSffL95xCW_nA12Lziw-tN0WJOm6GRX2XDexAz73KgtSh9mV-ycfktF9Bcxr3yG6SEuxq4hMRpvb69R_y9u4M5qo8NHOvzMSQ22NUZ7_rtIrTL7gaaU-YEb0btYhKfbJD_OKJi3KZDu9gHMRqDPVMVcax0KsEjoj4Mm0HCsnj4Lps2VcU4Hzt7uuwUxm1IPoXi_Hp1IHmFs1JmSdZksc-S_PWimQlKm0q1hq5a27ySgMWFIKgUydzHILwMG6FAKqwAl9H7zTZNCdpa2ZrYz-0B3DYs7NQgIiQOios1-fRGZmGGJ5AI9iTBYKyq5r-hr-usUGuJor-rZ7Mrdu__vMi9XNMY8sybgQ6S3unklLu08Ve47nlgBo5UQv3BvYsSKQK_hGu7N7Q2S3sgYHaaao2qq3k6QYNYiECoQNji1sqOWB4vA-J8LLthjIUN1suckMpl3Iq4ZivRjFY2Z73-CPqkucUqaWmTRug&uuid=df75584f-09cd-4bb1-a0bd-1c709a3b4f09&authuser=0,VeganSociety
톤28,한국,에센스/세럼/앰플,해남404 펩타시카 세럼 30ml,TN2,37000,"병풀추출물,글리세린,프로판다이올,폴리글리세릴-10올리에이트,나이아신아마이드,카프릴릭/카프릭트라이글리세라이드,정제수,판테놀,하이드로제네이티드레시틴,카보머,알지닌,알란토인,펜틸렌글라이콜,잔탄검,다이포타슘글리시리제이트,아데노신,소듐폴리아크릴레이트,덱스트린,광곽향오일,치자추출물,센티드제라늄오일,자몽껍질오일,레몬껍질오일,베르가모트오일,비터오렌지꽃오일,로즈우드오일,멕시칸주니퍼오일,일랑일랑꽃오일,비터오렌지잎/잔가지오일,카프릴릴글라이콜,부틸렌글라이콜,마데카소사이드,아시아티코사이드,마데카식애씨드,아시아틱애씨드,아세틸헥사펩타이드-8,리모넨,제라니올,시트로넬올","미백, 주름개선","건성, 민감성",https://doc-0k-58-docs.googleusercontent.com/docs/securesc/hs01evm6e0hsi48olt6avqt8u6goghka/l83eien7rtv6h0msb0ukqk0egls71m81/1696907700000/15133659543599301165/10866428248407012855/1zpcEWr9vjz9sYcjAXDIHjRfUNkgtHHCa?e=view&ax=AA75yW5ZS7TWGhRkyVb-YGGhzvZhxk24khkWZoHbermGDQQIPcEF_xgNx4j3GmvSNDrxbDfT-xhv3wUC0gOvvu4eXtZ5f1HA1QMUdrgqEwCfxF3hSlQfcVyt6r60rvarXL9yFfwZljljZWSR__OImO--1s2hAl00ajbeQZ8hzbRPE6Fsh31fXZ8dH5tB4S11w6toPApTpyYcQ4UtCw-idq3MtT2W3ywk6RW9EH0uxkOxIl_GMetTeqpSEDYVSApSaw-QujOjI34NvShXo8p6g7H7PiG1tqDYyKZRTIfGHMwigmWByDuzayhObIeAUTEbW_jq8_M9SKx-kK9YIf20O5wgUt8wKyRrPDznLbYKaruRuQjUDmLnrAS6P3ubLWExdv3VzAyoM6RoogABEh397xDURfA7NoRRpJCGKlKQTas-vv7R9_G8kHfbU0bp8456PWkmv24aahIr4KiONEuonJoV8Q7bQhvkRNTrUnnNxjvehKzrfJ0nbs41PeUrQWU5qG12gil2DXU0dPh-W-KAx1VogxBXRMsCsMu_MBLhFrmyVLpiZRngre8ESyvaEMVttmtYZGqeDiTJZ94XMcD3iOpI4ab8nyuTZloQwuxHPpK7nVN_yX8e3JeqNKTuipzqRaedB3Q6cOoxQKQfkPl9a3PSMe0yUFrRtSMFDklnJeGWvqMqaS_jp58gk3LRH5MwNE99M3SetfklyqC_spzXvWPtQCpZ2WPpcgS7Hx622tl-34JMaIvXTX9XlpiqvQeUCaRowZ8cZaUaSfe1KPtucA0dIC2dnRJHdivGeQcoZ1vmL54BzZRPC66FRb0656qKzTqQUZOu4_pJdUOqRSAOEaxDmc8FDBn4ITLNTiLRnRZLJRs2Ulp6CgrxaHht_6ykklPYzA&uuid=8431db39-f7bf-40b9-9570-456c5397e0c3&authuser=0,VeganSociety
톤28,한국,스킨/토너,해남404 펩타시카 토너 250ml,TN3,31000,"병풀추출물,부틸렌글라이콜,프로판다이올,나이아신아마이드,폴리글리세릴-10올리에이트,알란토인,다이포타슘글리시리제이트,카보머,알지닌,잔탄검,아데노신,광곽향오일,자몽껍질오일,센티드제라늄오일,레몬껍질오일,베르가모트오일,덱스트린,치자추출물,비터오렌지꽃오일,로즈우드오일,멕시칸주니퍼오일,정제수,일랑일랑꽃오일,비터오렌지잎/잔가지오일,펜틸렌글라이콜,카프릴릴글라이콜,아시아티코사이드,마데카소사이드,마데카식애씨드,아시아틱애씨드,아세틸헥사펩타이드-8,리날룰,리모넨,시트로넬올,제라니올","미백, 주름개선","건성, 민감성",https://doc-14-58-docs.googleusercontent.com/docs/securesc/hs01evm6e0hsi48olt6avqt8u6goghka/n1diedt0k4am18evovdsi5ghlosr3kc8/1696907775000/15133659543599301165/10866428248407012855/1lzcWEyCXcvtQ1Yz62V2f0lqFXztGhnAq?e=view&ax=AA75yW4CCpQFsfY6aiou6IndxJa2PLF-YGvxRrdT_Lm_aHM1DbguXqekb6GoxsPrSJiDv3N3Rlx3O0Rw6ZF25i8zKdqBuIlfdvK1SsnQusqyZgooOGMPCayDV0io7jCAF1jWp0aLmUQqP1l-8ejvsxJOzeXy7Qco_L82rH6aUBrH5MkgLdoZrLDQcIQLUtZtIgVUkS0vbGurxwKTB6-DUPOViHHEWs0mvcAkxXnUQJ47oQyRGsxCzO95K8pz25jPMKEkrumccBTa_qSlIiP2HxXQ0x3yR9mOJt6IWz1eMPqf1zmDHRNYLkTylHLKQRAGQRzc8bGJPPnhsFNBduzRpB7LRlMXv6xvF8O07ZEbOj7wM7occqaiGMZhpjj9TPPfX3ZEasoVw6KsO0k5TbfhLJnCRqLa1cSPWEgX2nWA-1yjecT8jofsqVXuFkdDU0GxI2UtnqJIrnFIYmUOJCcYsN3CI0Li_Jv_DElJSkDrSiBRCadCPwDnRB-SIXbW71OLIYJSoDeM4rppuciC3iMD1UJGaekNLUyGHR7ksXt43CrEIqBaVJXvVw_xbONboiW0OFUW5yTysozVNH5dWjdGc2RQxQrApL5wThY3d19Y0gj-7UQh1IvXYpOtCA56KfhPqnERBR0GSSndwUlXX6Lz93bTliGjlu4uw-e0xN6DqUA1tzuBi4Q3kQbWO989Q887PwfNnFrOhxo-xNVy0OwLq-zJl9PojugRNe0WaIG4JeEBJYO1RdtsHsd2fCWRBvQ-lc6N4rpygxzVrgY-fS-CHz311Gh9ak6e7leQX8Qer4OtZzzLUSc5lsD_D93CMmyLaO-kCarXumlnGX3tHeolIQD4xwIYk-Cmvcir-7MpNAMCH4DHBIHmCXEnpPXLK0wlg4gxow&uuid=854563ff-d07c-47a3-bf89-d9a3dc44e386&authuser=0,VeganSociety
톤28,한국,로션/크림,프로폴리스 크림 50g,TN4,28000,"정제수,카프릴릭/카프릭트라이글리세라이드,글리세린,프로폴리스추출물,프로판다이올,식물성스쿠알란,펜틸렌글라이콜,폴리글리세릴-3다이스테아레이트,글리세릴스테아레이트시트레이트,해바라기씨오일,하이드로제네이티드레시틴,베타인,나이아신아마이드,판테놀,아스코빌글루코사이드,피리독신에이치씨엘,아니스열매추출물,서양배추출물,코코넛야자오일,다마스크장미꽃수,비치스트로베리추출물,카프릴릴글라이콜,카보머,알지닌,잔탄검","수분, 보습",모든피부,https://doc-0k-58-docs.googleusercontent.com/docs/securesc/hs01evm6e0hsi48olt6avqt8u6goghka/3ikoe74baj0917vas26rqfdmg17cm8tf/1696907775000/15133659543599301165/10866428248407012855/1aNYN27QGEUYlGz1wj96y_Qwarb1wGrz5?e=view&ax=AA75yW7s0SOvs12oPlFcc_KwF0820PYNYikGjT3cmbPvhd1z39bj2qVcQE5fzS0-Ai3v-qroZKzrTYK45J8LvKrvQrc6Uk4uyZJrsQNxqAttvAZMYnAlTWzigrhckeq1cmRBWfMFcEHSkqavrNsTlRUXpMQl0uTEM9SPr74hEg7S9_XZECsmguVzrJueq9NAY7sivkWuKioEz-haOASagxa4RgsOR1A7JHYHxtvFyqNCqmjeNxrJ7-9avmZNm_xqEJMzWQ3PiSx81n-snzsz8kcAIpDlg45sbZMN1gCL0iDCv9RrhYcVHQkYAP_mbcSF4-bTvbqtQXo9AptzgRT6WyY3evAssflcsxMUAnlJPsPhLyP7ajGJsyF69YoylH-xQedrGE6XNpkEMeLFEOSbmES8n6FONo9_GJPDJ0p0FlyDPlI4PmoKtYgYUN8QafD9DF0QagEJxqXb4RP_6_f2RMjP1NTZ9mQn88reg71SKj8awTv42FC-wq0wzAHwXt7cRv-FeoBitjt_srHAcH2LF7p1rNW6DKuKTkqGXox_Z9I1NveyaFeIz0E4ruzI3Th6yfNY1voBy4oNaPNTCBUGZbbnVUG1xD9sOzO-M63_DuVm9y-k4GOgce7cVvc2r4-qlrMhIXqT7jbkxGhNysidOGh74ytvt1uORxbc4QntZbVDpaguAwfjdxVK59M_i-dMtwl5Sd7_GXTuDNrjlyWV_UcbZuE9o52qJ4JoAfgvLQhPNBw4iUKDB364E_NwcvvsG0VyCNDxohgNQib2vpxeSfLHNJKt_BR00vzbFkkxTsPc81z5QQoWpOP-PU_0cjn6WPdOA8m2Oibgx0IPLOTxWIM_SKc6E4thEhu73c_yEsQWM-LeOdde42whDoQmYFxsISvmSw&uuid=41501739-5a23-4a31-bdcf-aeca4acf39b4&authuser=0,VeganSociety
톤28,한국,에센스/세럼/앰플,프로폴리스 세럼 30ml,TN5,35000,"프로폴리스추출물,프로판다이올,펜틸렌글라이콜,아스코빌글루코사이드,나이아신아마이드,알지닌,판테놀,피리독신에이치씨엘,소듐하이알루로네이트,베타인,카프릴릴글라이콜,잔탄검,아니스열매추출물,바닐라열매추출물,녹차추출물,프로방스장미꽃수,서양배추출물,코코넛야자오일,다마스크장미꽃수,비치스트로베리추출물","미백, 주름개선",모든피부,https://doc-0k-58-docs.googleusercontent.com/docs/securesc/hs01evm6e0hsi48olt6avqt8u6goghka/boangrfuhoskt7vfittcl5bd8flp27l8/1696907850000/15133659543599301165/10866428248407012855/1gC4z96ZniXT0aeqKprJ9u_cdWRtuYLv2?e=view&ax=AA75yW5twTQS73bLFc3B1tmFvzcFV0Q-AuNlPt_apZCrjWwiN1HE5LJetO13vjgi7Q7D_sA8k_Po-F17QBxe8TqSkxEPTZgBI_GRBEZo8EeLcGqrAkceiVldIu6MGI9gAAWzJdspLP_Vn-Q55CHLWnk6k6rzBkjdpSH1xyi05yNhx2EtM2CV4BLarL20s3dhS4RHgGkKTgSFTmUtVGt0L7TV4lQ-9TGuC90td5M8aMucXnstccIojQxhUeU3WKKxmnP2NVRBdOxurh7-OpG8vKR-dh-y_o0L18KE8G3hdRPxNGvzqJXlplKY9HCZ3n2mMoam1OosVuZf-s90CSnAvYTPEBZszU_ZaSPQaMXNgzc-T0yhmXgQNapb9xgE04lmNJDQqRDSsz1JmYiCueWVrRWGUiaZ0V3A1XmDyFBO3itKzx2V83Xi5V6nzqi74JBPHiq8KgvtT6i8T50puVoQzWZlvfxEQjY42vfwfQw-0n3vpulDs2GHRZ1bHf4Sb_8ZAffC5KuOnwfLePXFL9hV1D-FukFZjBf2DVp0VLW-92UvtQMh6RADqUYflTvufIPW3u8mR9OvcaDyeYAS3e1x0EsPpuoAMjt9MnVOSW2ySNsGdFeiAToG3g6C-M5R-pWfMGUcmiGRCMlg_QgDuDhN9cX5Quz2URFEmzN87q1CvjkOLJa7iFsA6ItOxTIYqL-FsRpfvFnVucIq9eH6ob4CZ41BvFrVxFkcWZm_Ip2p1s_MjJc2W5ASylSbtNh2ydf23pLXV6u6VjVQ3AqY_FCykpswBJDeufPjmX_RklRSJ_exdI0apXUUOG2tv9qoS6KZamEQL6IwHMUz123Xa74Vz6p2dv_pIDjig_nMeSLgiiRyXaXbTQy_ODDTScV0GyJfoe5pCg&uuid=c7d23688-514b-48e7-9cb2-c9b9096b8727&authuser=0,VeganSociety
톤28,한국,스킨/토너,프로폴리스 균형제 250ml,TN6,22000,"정제수,프로폴리스추출물,프로판다이올,펜틸렌글라이콜,판테놀,베타인,나이아신아마이드,아스코빌글루코사이드,피리독신에이치씨엘,아니스열매추출물,바닐라열매추출물,녹차추출물,프로방스장미꽃수,서양배추출물,코코넛야자오일,다마스크장미꽃수,비치스트로베리추출물,폴리글리세릴-10올리에이트,카프릴릴글라이콜","영양, 보습",모든피부,https://doc-14-58-docs.googleusercontent.com/docs/securesc/hs01evm6e0hsi48olt6avqt8u6goghka/i620pr7ug20euact8jct6lt1evd4f9vo/1696907775000/15133659543599301165/10866428248407012855/1breTJvH3lu5zi-PGuyZLG6e5D0rAcyyW?e=view&ax=AA75yW5f9Nn3EktsCgasXhAEW9q0WvgXFXC9C5HXQmOixqBb7PRKwZUqWcb2harjTBORicygk8cCU9IYRvN0Siz3UF0HcGnT0FHxBv-Jq7HCATP1mWJ0-UePH9q-pdw150X70JFXhHRlxaUwdXg1l1CbNYv-rwBFAMYdJB8xCltlrBVDyH8fwPKHezletKcZ4j74oh89CaSR49daSgvFjqIquNNX7MWvsQ688-wQkPv6t-SQ4uUcNRCLuJCOgZOfpofnIupfONdk30PwEzXs_wcbH6Ep85FEB8NIRZF_-3jgL06ukhFTx1WpZAtel0HI0KoVuZAhM6kvaTKV2MlJqvVypt3-e3DKdPJtA4bFaOZA_AhG2aCAVrJYgi41FSZL8x6OGW9gQ1TH7fYP3XOyJy8Rn5vOHQ2_jqOkJUkxcwgiiQYpQvuaZzd4Z8H0c_djyoAWreF30HATxPiSKpN5IgauCtjH8AZ9Xf95CKZJqrh6qlcb_JAHPLVIlt6kaa-AftxkUgH-bmy_8lMeNeTgbSR2cs3_0J_IIflLjOvAOqrdNzM8Lfv-PORLtTwj6YkljJc0w0A-9GD18Es5JGv8zne7kwevDt76vdVwsAeKif3cWOjUREZeWCU85yPE9Jao6YC9vts2X6rypFabyUSK3Knu8fihlRBlLW-p4sgIIArl6xjbHrqEy2N_-4cD9bDYzx9hCTpBp6mpmeIit3grpau1lDlMk-IIGb8PtS-R_Fna8wRPB5ii1PhnIISI1MlZo0bJ2oexlMO3NieT-0OqpGVv-G_Ee-vayyeSTOW898DC6juBoJNkDrc0zW2HV2GclmAFjzoZP_WSUGTw62xCY2kYlcjfWBmPpQvRM-a182jrrpFGQ37oYL_RRIb_MbllUA3tlw&uuid=e7b28ae4-4892-4210-a0b3-301bdc9393d2&authuser=0,VeganSociety
톤28,한국,에센스/세럼/앰플,해남 병풀 오일 세럼 미스트 100ml,TN7,20000,"병풀추출물,프로판다이올,폴리글리세릴-10올리에이트,글리세린,알란토인,카프릴릴글라이콜,다이포타슘글리시리제이트,베르가모트껍질오일,비터오렌지꽃오일,로즈우드오일,센티드제라늄꽃오일,소듐하이알루로네이트,멕시칸주니퍼오일,오렌지껍질오일,유칼립투스잎오일,비터오렌지잎/잔가지오일,펜틸렌글라이콜,아시아티코사이드,마데카소사이드,마데카식애씨드,아시아틱애씨드,리모넨,리날룰,시트로넬올,제라니올","수분공급, 보습",모든피부,https://doc-14-58-docs.googleusercontent.com/docs/securesc/hs01evm6e0hsi48olt6avqt8u6goghka/0f6nkocqh5o66e712vjfjl3q7aih0s8a/1696907925000/15133659543599301165/10866428248407012855/1YsL1PBbbKSKKM9P0EBlwdTREf9kmJmZe?e=view&ax=AA75yW4lqecl_Ehn1wWps6HNetgXN0ykRiRedHpKVs-Ss11eGfAd81PcnIsl81Um3QlhruttIAKW-NJ5nXOoOhcL7Kw3whM6OLpGdivc5FHd3rGHy5fWOFoRkK8TcKqObo1WW8TJjQVyTnOtkN89IhCOx1RJJ-4E-bOQRkIjoSAY0-gu1IwqHRjtRk_lPMUl5Jkc_hwaR9EqZysIKiWqhJJyd-tO5weDjiAWDBoiQ8pflFxigEx6E8281pmAnUk3T4LfQTwxuWsvZ3-dZgC5QGhKMpJSyrC-eusvIhm-SwAsmFSMvSrBb_csQ73R7v4BQK7YsL1Rsysp4OWrkTZjyR00sLJJwveVsxM9-THAauviSgFN3ngwoR_AVnm9We-s5CfoxCXLqr7SLf-ZB9FJ__0_Rcho4tUyq_7P_1GZC51WXpirhINPoviVmovXH3K5UJnI1P0agOW1B3HOBXIMyMBiAWpUVBnxtjgVoHi5OsR4DggOsJH1uWBVUS3M30zZ6xwbyD8VjIADLXwpc91479xIjEsS6Acv7oRepJ-d3WV-TsZH-wkGqs7gjCM-68a6zbu8DNTsBOGYqeG0Zmx99wbsrLf01Zn4iCJjVdvwzLNRPFO0YYVomZvQLWdXlqBvx3egUC_Cx1f7GsbRWRSU1DhRU97PMUruBZo3SvNhBBgGWY_gVSy3oW4wt_9DGvXm4K5auajs3TbR8Lw9IuRleYQdjR3NJwDf_R_RUjBe8VHuEDeMznjH2WF63GIZFhN50Z7gMs4k72h20Tp8fvrZjIdzFDF6PPoI12tIOgck2wuD6y3k_83BFWSncb_Cah40T3IPbLZrEmXLOjlTbzPDHR1XKEyA5mh7o4gBkP7Ta5dBoNCfqPH9zYAFNEueb0kkno45vw&uuid=5ef19502-27d5-446e-a6d6-c7e269da9f72&authuser=0,VeganSociety
톤28,한국,로션/크림,해남 병풀 카밍 젤 크림 60ml,TN8,16000,"병풀추출물,정제수,프로판다이올,펜틸렌글라이콜,카보머,글리세린,알지닌,알란토인,카프릴릴글라이콜,다이포타슘글리시리제이트,소듐하이알루로네이트,아시아티코사이드,마데카소사이드,마데카식애씨드,아시아틱애씨드","영양, 진정, 보습",모든피부,https://drive.google.com/uc?export=view&id=14aURiYEv7WcclDYArm7SsGlObB3nKjLg,VeganSociety
톤28,한국,스킨/토너,플러스마이너스 pH 균형제 (토너) 250ml,TN9,28700,"히비스커스꽃수,정제수,프로판다이올,펜틸렌글라이콜,글리세린,베타인,소듐피씨에이,소듐하이알루로네이트,소듐클로라이드,판테놀,알지닌,잔탄검,시트릭애씨드",수분공급,모든피부,https://drive.google.com/uc?export=view&id=1b1MiiyTglRnhwemL7tdif0hQ1PhAL0tI,VeganSociety
톤28,한국,스킨/토너,플러스마이너스 pH 균형제 (토너) 100ml,TN10,14000,"히비스커스꽃수,정제수,프로판다이올,펜틸렌글라이콜,글리세린,베타인,소듐피씨에이,소듐하이알루로네이트,소듐클로라이드,판테놀,알지닌,잔탄검,시트릭애씨드",수분공급,모든피부,https://drive.google.com/uc?export=view&id=1TTNQ1-hGkSefOgD3fq1F9os-2ssXlqof,VeganSociety
톤28,한국,에센스/세럼/앰플,T1 유분 0% 피부 보습,TN11,23000,"알로에베라잎수,하이알루로닉애씨드",수분공급,"모든피부, 복합성",https://drive.google.com/uc?export=view&id=1BCcWBpAHvhJceKSTw2nX70Vt56aDntzB,VeganSociety
톤28,한국,에센스/세럼/앰플,T2 맑고 환한 피부빛 관리,TN12,23000,"아스코빌글루코사이드,나이아신아마이드",미백,모든피부,https://drive.google.com/uc?export=view&id=1uljBnFzPhQC6vcbxUzG_rK5Xiy6HaQgF,VeganSociety
톤28,한국,에센스/세럼/앰플,T3 윤기나는 피부결 관리,TN13,23000,"버지니아풍년화수,글루코노락톤","수분공급, 진정",모든피부,https://drive.google.com/uc?export=view&id=1D6ocTbDaL7SsNe82oHlVGweKGlKDhf_a,VeganSociety
톤28,한국,에센스/세럼/앰플,T4 피부 진정,TN14,23000,"병풀잎수,병풀추출물,아시아티코사이드",진정,민감성,https://drive.google.com/uc?export=view&id=1Gw7W4lVrRwVUE1_LJWTyLeSjthqrXxyv,VeganSociety
톤28,한국,에센스/세럼/앰플,T5 피지 케어,TN15,23000,"마트리카리아꽃수,식물성스쿠알란,칼라민",보습,지성,https://drive.google.com/uc?export=view&id=1pInbKwej8iuRwBRLhJkWRdQVe8TiIFqA,VeganSociety
톤28,한국,에센스/세럼/앰플,T6 피부 보습 장벽 강화,TN16,23000,"다마스크장미꽃수,세라마이드엔피",보습,모든피부,https://drive.google.com/uc?export=view&id=1oqI2gEyD2UVxnLj5dMm_PiqzUHJ69dMp,VeganSociety
톤28,한국,에센스/세럼/앰플,T7 탄력있고 건강한 피부,TN17,23000,"녹차수,카퍼트라이펩타이드-1,아세틸헥사펩타이드-8",영양,모든피부,https://drive.google.com/uc?export=view&id=1bhgQys_2oBevQc5k0G8quFmqbjrwCLI4,VeganSociety
톤28,한국,에센스/세럼/앰플,T8 깨끗하고 건강한 피부,TN18,23000,티트리잎오일,"수분공급, 보습",민감성,https://drive.google.com/uc?export=view&id=1nTi2SU1RDSxu-ieT7m1caL7IJQsPXDg_,VeganSociety
톤28,한국,에센스/세럼/앰플,T9 보습 지속,TN19,23000,스쿠알란,보습,"모든피부, 복합성",https://drive.google.com/uc?export=view&id=18Cb5HdfGB-DDJXfwxBovyL2Ocx8_tGUN,VeganSociety
피츠,프랑스,스킨/토너,토닉 오렌지,PH1,38000,"비터오렌지잎/잔가지추출물,정제수,소듐클로라이드,포타슘설페이트,비터오렌지잎/잔가지오일,레몬버베나꽃추출물,당아욱꽃추출물,서양벌노랑이꽃추출물,쇠뜨기잎추출물,자주개자리추출물,겨우살이추출물","진정, 수분공급",모든피부,https://www.s-ashe.co.kr/upfiles/product/599098148.jpg,COSMEBIO
피츠,프랑스,스킨/토너,토닉 유칼립투스,PH2,38000,"유칼립투스잎추출물,정제수,유칼립투스잎수,씨솔트,유칼립투스잎오일,니아울리나무잎오일,살비아오일,서양톱풀",진정,모든피부,https://www.s-ashe.co.kr/upfiles/product/1447541736.jpg,COSMEBIO
피츠,프랑스,스킨/토너,미셀라 이드라땅,PH3,49000,"정제수,다마스크장미꽃수,소듐코코일글루타메이트,소듐클로라이드,프로판다이올,글리세린,시트릭애씨드,글리세릴카프릴레이트,소듐하이알루로네이트",수분공급,모든피부,https://www.s-ashe.co.kr/upfiles/product/2002550138.jpg,COSMEBIO
피츠,프랑스,스킨/토너,로숑 에끌라,PH4,68000,"정제수,알로에베라잎추출물,카프릴릭/카프릭트라이글리세라이드,글리세린,코튼추출물,올리브오일데실에스터,스위트아몬드오일,비사보롤,토코페롤,페네틸알코올,소듐레불리네이트,소듐아니세이트,수크로오스라우레이트,잔탄검,마이크로크리스탈린셀룰로오스,셀룰로오스검,시트릭애씨드",미백,민감성,https://www.s-ashe.co.kr/upfiles/product/3605315431.jpg,COSMEBIO
피츠,프랑스,스킨/토너,라띠 아베장뜨,PH5,88000,"정제수,알로에베라잎추출물,카프릴릭/카프릭트라이글리세라이드,글리세린,코튼추출물,올리브오일데실에스터,스위트아몬드오일,비사보롤,토코페롤,페네틸알코올,소듐레불리네이트,소듐아니세이트,수크로오스라우레이트,잔탄검,마이크로크리스탈린셀룰로오스,셀룰로오스검,시트릭애씨드",진정,민감성,https://www.s-ashe.co.kr/upfiles/product/617741112.jpg,COSMEBIO
피츠,프랑스,에센스/세럼/앰플,콘센트레 안티폴루션,PH6,130000,"알로에베라잎추출물,정제수,카프릴릭/카프릭트라이글리세라이드,글리세린,향료,프로판다이올,글리세릴스테아레이트시트레이트,자일리틸글루코사이드,만니톨,안하이드로자일리톨,아보카도오일,삼씨오일,올리브오일,실리카,라우릴글루코사이드,폴리글리세릴-2다이폴리하이드록시스테아레이트,글리세릴카프릴레이트,로즈마리잎추출물,해바라기씨오일,호스테일켈프추출물,바베이도스체리추출물,하이드롤라이즈드알진,사카라이드아이소머레이트,리놀레익애씨드,리놀레닉애씨드,토코페롤,말토덱스트린,자일리톨,알로에베라잎즙가루,클로로필,잔탄검,마이크로크리스탈린셀룰로오스,페네틸알코올,시트릭애씨드,크로뮴하이드록사이드그린,크로뮴옥사이드그린,황색산화철",진정,민감성,https://www.s-ashe.co.kr/upfiles/product/1753128677.jpg,COSMEBIO
피츠,프랑스,에센스/세럼/앰플,플루이드 이드라땅 24H,PH7,78000,"정제수,해바라기씨오일,알로에베라잎추출물,글리세린,베타인,향료,실리카,호호바에스터,아라키딜알코올,자일리틸글루코사이드,안하이드로자일리톨,해바라기씨왁스,글리세릴스테아레이트시트레이트,스쿠알란,글리세릴카프릴레이트,올리브오일데실에스터,스쿠알렌,소듐하이알루로네이트,자일리톨,토코페롤,그린와틀꽃왁스,폴리글리세린-3,베헤닐알코올,아라키딜글루코사이드,C14-22알코올,C12-20알킬글루코사이드,잔탄검,락틱애씨드",수분공급,모든피부,https://www.s-ashe.co.kr/upfiles/product/3820155926.jpg,COSMEBIO
피츠,프랑스,에센스/세럼/앰플,플루이드 마리숑뜨 쀼리떼,PH8,68000,"정제수,알로에베라잎추출물,코코-카프릴레이트/카프레이트,라벤더꽃수,향료,아라키딜알코올,실리카,펜틸렌글라이콜,세틸알코올,베헤닐알코올,포도씨오일,호호바씨오일,글리세릴스테아레이트,벤토나이트,C14-22알코올,아라키딜글루코사이드,잔탄검,징크피씨에이,살리실릭애씨드,C12-20알킬글루코사이드,라벤더오일,팔마로사오일,타임꽃/잎오일,트리그레잎스열매추출물,카퍼피씨에이,레몬껍질오일,로즈마리잎오일,마조람꽃오일,토코페롤,클로브싹오일,솔잣나무오일,비터오렌지잎/잔가지오일,시트릭애씨드",진정,민감성,https://www.s-ashe.co.kr/upfiles/product/1489378146.jpg,COSMEBIO
피츠,프랑스,에센스/세럼/앰플,에멀전 아베장뜨,PH9,150000,"알로에베라잎추출물,정제수,코코-카프릴레이트/카프레이트,폴리글리세릴-2다이폴리하이드록시스테아레이트,돌콩오일,부틸렌글라이콜,스위트아몬드오일,세틸알코올,글리세린,시어버터,코튼추출물,라우릴글루코사이드,올리브오일데실에스터,태산목껍질추출물,분꽃추출물,해바라기씨오일,로즈마리잎추출물,토코페롤,페네틸알코올,소듐레불리네이트,소듐아니세이트,스쿠알렌,프로판다이올,소듐스테아로일글루타메이트,다이카프릴릴에터,라우릴알코올,잔탄검,시트릭애씨드","진정, 수분공급",민감성,https://www.s-ashe.co.kr/upfiles/product/3884093742.jpg,COSMEBIO
피츠,프랑스,에센스/세럼/앰플,나튜로덤 30ml 진정해앰플,PH10,65000,"에탄올,병풀잎추출물,라벤더오일,끈끈이주걱추출물,레스트해로우뿌리추출물,당아욱꽃추출물,양까막까치밥나무잎추출물,서양고추나물꽃추출물,레몬껍질오일,살비아오일,겨우살이잎추출물,오레가노오일,센티드제라늄꽃오일,클로브싹오일",진정,모든피부,https://www.s-ashe.co.kr/upfiles/product/545349558.jpg,COSMEBIO
피츠,프랑스,에센스/세럼/앰플,나튜로덤 15ml 진정해앰플,PH11,29000,"에탄올,병풀잎추출물,라벤더오일,끈끈이주걱추출물,레스트해로우뿌리추출물,당아욱꽃추출물,양까막까치밥나무잎추출물,서양고추나물꽃추출물,레몬껍질오일,살비아오일,겨우살이잎추출물,오레가노오일,센티드제라늄꽃오일,클로브싹오일",진정,모든피부,https://www.s-ashe.co.kr/upfiles/product/672221531.jpg,COSMEBIO
피츠,프랑스,에센스/세럼/앰플,피히츠 SOS 엠퍼펙션,PH12,35000,"에탄올,병풀잎추출물,라벤더오일,끈끈이주걱추출물,레스트해로우뿌리추출물,당아욱꽃추출물,양까막까치밥나무잎추출물,서양고추나물꽃추출물,레몬껍질오일,살비아오일,겨우살이잎추출물,오레가노오일,센티드제라늄꽃오일,클로브싹오일",진정,민감성,https://www.s-ashe.co.kr/upfiles/product/3839940683.jpg,COSMEBIO
피츠,프랑스,에센스/세럼/앰플,세럼 안티폴루션,PH13,130000,"삼씨오일,해바라기씨오일,유럽개암씨오일,밀배아오일,피마자씨오일,센티드제라늄꽃오일,솔잣나무오일,바질오일,라벤더오일,살비아오일,토코페롤,돌콩오일,쌀배아추출물,흑미추출물,폴리글리세릴-3라이스브라네이트포스페이트","영양, 진정, 수분공급",모든피부,https://www.s-ashe.co.kr/upfiles/product/27624031.jpg,COSMEBIO
피츠,프랑스,에센스/세럼/앰플,엘릭서 이드라따아 24H,PH14,98000,"정제수,알로에베라잎추출물,카프릴릭/카프릭트라이글리세라이드,글리세린,향료,프로판다이올,실리카,자일리틸글루코사이드,라우릴글루코사이드,폴리글리세릴-2다이폴리하이드록시스테아레이트,안하이드로자일리톨,유럽개암씨오일,글리세릴카프릴레이트,소듐하이알루로네이트,토코페롤,자일리톨,울트라마린,잔탄검,시트릭애씨드",수분공급,모든피부,https://www.s-ashe.co.kr/upfiles/product/737473548.jpg,COSMEBIO
피츠,프랑스,에센스/세럼/앰플,세럼 쀼리떼 매직세럼,PH15,98000,"해바라기씨오일,유럽개암씨오일,캠퍼,밀배아오일,토코페롤,로즈마리잎오일,타임꽃/잎추출물,솔잣나무오일,레몬껍질오일,유향나무수지추출물,비터오렌지잎/잔가지오일,마조람꽃오일,클로브싹오일,실론시나몬잎오일,실리카","수분공급, 진정",모든피부,https://www.s-ashe.co.kr/upfiles/product/1698349070.jpg,COSMEBIO
피츠,프랑스,에센스/세럼/앰플,세럼 뉴트리티프,PH16,110000,"아르간커넬오일,삼씨오일,녹나무껍질오일,라반딘오일,토코페롤,향료",영양,민감성,https://www.s-ashe.co.kr/upfiles/product/1726793389.jpg,COSMEBIO
피츠,프랑스,에센스/세럼/앰플,세럼 앙띠-리뜨,PH17,130000,"해바라기씨오일,유럽개암씨오일,밀배아오일,피마자씨오일,로즈마리잎오일,라벤더오일,솔잣나무오일,타임꽃/잎추출물,토코페롤","영양, 주름 개선",민감성,https://www.s-ashe.co.kr/upfiles/product/826759285.jpg,COSMEBIO
피츠,프랑스,에센스/세럼/앰플,콩썽뜨레 안티-타쉬,PH18,98000,"정제수,베어베리잎추출물,코코-카프릴레이트/카프레이트,해바라기씨오일,세테아릴알코올,감초추출물,향료,글리세린,세테아릴글루코사이드,글리세릴스테아레이트시트레이트,글리세릴카프릴레이트,콩오일,밀배아오일,토코페롤,티트리잎추출물,녹나무껍질오일,라반딘오일,카룸페트로셀리눔씨오일,서양톱풀추출물,셀러리추출물,당근씨오일,바질오일,파스향나무잎오일,아세로라추출물,말토덱스트린,잔탄검,비사보롤","미백, 영양",민감성,https://www.s-ashe.co.kr/upfiles/product/3840938304.jpg,COSMEBIO
피츠,프랑스,로션/크림,스왕 이드라 프로텍터,PH19,54000,"정제수,해바라기씨오일,세테아릴알코올,오일팜오일,유럽개암씨오일,향료,글리세린,알로에베라잎추출물,세테아릴글루코사이드,글리세릴스테아레이트시트레이트,비터오렌지잎/잔가지오일,단향오일,유향나무수지추출물,실론시나몬잎오일,타라곤오일,서양톱풀오일,글리세릴카프릴레이트,잔탄검,시트릭애씨드,토코페롤",수분공급,"지성, 복합성",https://www.s-ashe.co.kr/upfiles/product/531075218.jpg,COSMEBIO
피츠,프랑스,로션/크림,크렘 안티폴루션,PH20,110000,"알로에베라잎추출물,정제수,글리세린,해바라기씨오일,세테아릴알코올,유럽개암씨오일,스쿠알란,펜틸렌글라이콜,글리세릴스테아레이트,향료,자일리틸글루코사이드,안하이드로자일리톨,시어버터,아보카도오일,로즈마리잎추출물,크리스마스베리트리씨추출물,호스테일켈프추출물,바베이도스체리추출물,하이드롤라이즈드알진,리놀레익애씨드,리놀레닉애씨드,토코페롤,말토덱스트린,자일리톨,소듐스테아로일글루타메이트,클로로필,크로뮴하이드록사이드그린,잔탄검,시트릭애씨드",영양,민감성,https://www.s-ashe.co.kr/upfiles/product/4187425470.jpg,COSMEBIO
피츠,프랑스,로션/크림,파나쎄,PH21,250000,"알로에베라잎추출물,카프릴릭/카프릭트라이글리세라이드,정제수,프로판다이올,향료,호호바에스터,하이드로제네이티드레시틴,해바라기씨왁스,세테아릴알코올,글리세릴스테아레이트시트레이트,글리세린,마그네슘알루미늄실리케이트,마이크로크리스탈린셀룰로오스,소듐스테아로일글루타메이트,변성알코올,팔미틱애씨드,세테아릴알코올,티타늄디옥사이드,벤질알코올,올레라케아아크멜라추출물,잔탄검,호밀추출물,해바라기씨오일,그린와틀꽃왁스,셀룰로오스검,폴리글리세린-3,시트릭애씨드,레드호그위드뿌리추출물,조류추출물,아데노신,데하이드로아세틱애씨드,에델바이스추출물,실리카,로즈마리잎추출물,소듐벤조에이트,적색산화철,울트라마린,포타슘솔베이트,소듐하이드록사이드","영양, 주름개선, 미백",모든피부,https://www.s-ashe.co.kr/upfiles/product/3559903814.jpg,COSMEBIO
피츠,프랑스,로션/크림,크렘 이드라땅 24H,PH22,78000,"정제수,알로에베라잎추출물,해바라기씨왁스,글리세린,스쿠알란,베타인,향료,스테아릭애씨드,세틸알코올,호호바에스터,아라키딜알코올,자일리틸글루코사이드,안하이드로자일리톨,마카다미아씨오일,글리세릴스테아레이트,글리세릴스테아레이트시트레이트,글리세릴카프릴레이트,소듐하이알루로네이트,자일리톨,그린와틀꽃왁스,폴리글리세린-3,토코페롤,베헤닐알코올,아라키딜글루코사이드,C14-22알코올,C12-20알킬글루코사이드,잔탄검,락틱애씨드",수분공급,모든피부,https://www.s-ashe.co.kr/upfiles/product/826759285.jpg,COSMEBIO
피츠,프랑스,로션/크림,크렘 마띠숑뜨 쀼리떼,PH23,59000,"정제수,세테아릴알코올,유럽개암씨오일,라벤더꽃수,향료,오일팜오일,글리세린,세테아릴글루코사이드,글리세릴스테아레이트시트레이트,글리세릴카프릴레이트,타임꽃/잎오일,팔마로사오일,라벤더오일,레몬껍질오일,로즈마리잎오일,마조람꽃오일,클로브싹오일,솔잣나무오일,비터오렌지잎/잔가지오일,실론시나몬잎오일,유향나무수지추출물,잔탄검,시트릭애씨드",진정,"민감성, 복합성",https://www.s-ashe.co.kr/upfiles/product/130767960.jpg,COSMEBIO
피츠,프랑스,로션/크림,스왕 뉴트리 프로텍터,PH24,68000,"정제수,오일팜오일,유럽개암씨오일,세테아릴알코올,향료,세테아릴글루코사이드,글리세릴스테아레이트시트레이트,글리세릴카프릴레이트,일랑일랑꽃오일,해바라기씨오일,밀배아오일,잔탄검,라벤더오일,타라곤뿌리추출물,살비아오일,시트릭애씨드,토코페롤",수분공급,민감성,https://www.s-ashe.co.kr/upfiles/product/3452078890.jpg,COSMEBIO
피츠,프랑스,로션/크림,크렘 카필,PH25,68000,"정제수,유럽개암씨오일,세테아릴알코올,오일팜오일,세라알바,글리세린,세테아릴글루코사이드,글리세릴카프릴레이트,병풀잎추출물,포도잎추출물,가시칠엽수씨추출물,라반딘오일,센티드제라늄꽃오일,로즈마리잎오일,솔잣나무오일,잔탄검",진정,민감성,https://www.s-ashe.co.kr/upfiles/product/130767960.jpg,COSMEBIO
피츠,프랑스,로션/크림,크렘 피토나그르,PH26,90000,"정제수,해바라기씨오일,오일팜오일,세테아릴알코올,달맞이꽃오일,세테아릴글루코사이드,보리지씨오일,바닐라열매추출물,페네틸알코올,팔마로사오일,라벤더오일,콩오일,토코페롤,연필향나무오일,실론시나몬나무껍질오일,살비아오일,소두구씨오일,시트릭애씨드",영양,건성,https://www.s-ashe.co.kr/upfiles/product/946367637.jpg,COSMEBIO
피츠,프랑스,로션/크림,크렘 앱솔루,PH27,130000,"정제수,유럽개암씨오일,오일팜오일,세테아릴알코올,세테아릴글루코사이드,해바라기씨오일,포트마리골드꽃추출물,밀배아오일,라반딘오일,라벤더오일,비터오렌지잎/잔가지오일,솔잣나무오일,로즈마리잎오일,타임꽃/잎추출물,마조람꽃오일,레몬껍질오일,타라곤뿌리추출물,서양톱풀추출물,일랑일랑꽃오일,살비아오일,클로브싹오일,토코페롤,페네틸알코올,시트릭애씨드",영양,건성,https://www.s-ashe.co.kr/upfiles/product/4091272701.jpg,COSMEBIO
피츠,프랑스,로션/크림,크렘 아베장뜨,PH28,150000,"알로에베라잎추출물,정제수,카프릴릭/카프릭트라이글리세라이드,올리브오일데실에스터,C10-18트라이글리세라이즈,돌콩오일,글리세릴스테아레이트시트레이트,수크로오스스테아레이트,폴리글리세릴-4코코에이트,부틸렌글라이콜,스위트아몬드오일,마이크로크리스탈린셀룰로오스,시어버터,글리세린,코튼추출물,타피오카전분,태산목껍질추출물,분꽃추출물,해바라기씨오일,로즈마리잎추출물,토코페롤,페네틸알코올,소듐레불리네이트,소듐아니세이트,스쿠알렌,세틸알코올,소듐리시놀리에이트,프로판다이올,다이카프릴릴에터,라우릴알코올,잔탄검,셀룰로오스검,시트릭애씨드",수분공급,민감성,https://www.s-ashe.co.kr/upfiles/product/783072300.jpg,COSMEBIO
피츠,프랑스,로션/크림,스왕 비자쥬,PH29,98000,"정제수,해바라기씨오일,아르간커넬오일,글리세린,향료,다이카프릴릴카보네이트,글리세릴올리에이트,세라알바,소듐클로라이드,폴리글리세릴-3폴리리시놀리에이트,펜틸렌글라이콜,녹나무껍질오일,라반딘오일,토코페롤,시어버터,올리브오일불검화물,돌콩오일,마그네슘설페이트",영양,민감성,https://www.s-ashe.co.kr/upfiles/product/2766582086.jpg,COSMEBIO
피츠,프랑스,로션/크림,크렘 드 쥬르,PH30,130000,"정제수,코코-카프릴레이트/카프레이트,해바라기씨오일,베어베리잎추출물,수크로오스,글라이콜다이스테아레이트,향료,글리세린,수크로오스스테아레이트,세테아릴알코올,감초추출물,글리세릴스테아레이트/아세테이트,콩오일,밀배아오일,글리세릴스테아레이트시트레이트,아세로라추출물,말토덱스트린,토코페롤,비터오렌지잎/잔가지오일,센티드제라늄꽃오일,라반딘오일,팔마로사오일,서양톱풀추출물,카룸페트로셀리눔씨오일,녹나무껍질오일,파스향나무잎오일,당근씨오일,셀러리추출물,바질오일,잔탄검,시트릭애씨드,비사보롤",미백,모든피부,https://www.s-ashe.co.kr/upfiles/product/1957515062.jpg,COSMEBIO
허블룸,한국,스킨/토너,콤부차 플랜트바이옴 토너,HB1,26000,"효모/자일리눔/홍차발효물,글리세린,프로판다이올,편백잎추출물,해당화잎추출물,레몬밤잎추출물,부틸렌글라이콜,락토바실러스발효용해여과물,자란뿌리추출물,고삼뿌리추출물,소듐하이알루로네이트,접시꽃추출물,연꽃잎추출물,복사나무꽃추출물,하이드로제네이티드레시틴,맥아추출물,호호바씨오일,폴리글리세릴-4카프릴레이트,카프릴릴글라이콜,잔탄검,분비나무오일,스위트아몬드오일,광곽향오일,유자껍질오일,유칼립투스잎오일,멕시칸주니퍼오일,갈바눔수지오일,트루구아이악목부오일",보습,모든피부,https://cdn.imweb.me/thumbnail/20230724/6f62f09dd4e9f.jpg,PETA
허블룸,한국,에센스/세럼/앰플,콤부차 플랜트바이올 세럼,HB2,43000,"효모/자일리눔/홍차발효물,글리세린,프로판다이올,병풀추출물,아이소아밀라우레이트,펜틸렌글라이콜,삼씨오일,베타인,부틸렌글라이콜,하이드로제네이티드레시틴,호호바씨오일,세라마이드엔피,글리세릴스테아레이트시트레이트,아라키딜알코올,피마자씨오일,알파-비사보롤,스쿠알란,베헤닐알코올,아라키딜글루코사이드,카프릴릴글라이콜,솔비탄올리베이트,세틸팔미테이트,카프릴하이드록사믹애씨드,솔비탄팔미테이트,스클레로튬검,마데카소사이드,소듐하이알루로네이트,아데노신,베르가모트오일,티트리잎오일,덱스트린,아시아티코사이드,포도껍질추출물,잔탄검,레몬추출물,라벤더추출물,락토바실러스발효용해여과물,리모넨,리날룰","보습,안티에이징",모든피부,https://cdn.imweb.me/thumbnail/20230724/3f41a91ea5183.jpg,PETA
허블룸,한국,로션/크림,콤부차 비건 콜라겐 크림,HB3,43000,"효모/자일리눔/홍차발효물,오렌지수,글리세린,아르간커넬오일,부틸렌글라이콜,하이드로제네이티드식물성오일,펜틸렌글라이콜,세틸리시놀레이트,코코-카프릴레이트/카프레이트,세테아릴알코올,폴리글리세릴-2스테아레이트,프로판다이올,정제수,글리세릴스테아레이트,스테아릴알코올,해바라기씨오일,토코페롤,카프릴릴글라이콜,글리세릴스테아레이트시트레이트,글리세릴카프릴레이트,하이드롤라이즈드식물성단백질,소듐시트레이트,광곽향오일,잔탄검,하이드로제네이티드올리브오일불검화물,레시틴,마그네슘스테아레이트,아데노신,로즈마리잎오일,아라비아고무나무검,세라마이드엔피,동백나무꽃추출물","보습,탄력",모든피부,https://cdn.imweb.me/thumbnail/20230724/67aebfde1081a.jpg,PETA
허스텔러,미국,에센스/세럼/앰플,리틀 드롭스 리벌스 데이 앰플 45ml,HT1,56000,"사탕무뿌리추출물,글리세린,프로판다이올,베타인,부틸렌글라이콜,나이아신아마이드,1❤️2-헥산다이올,리치과피추출물,푸시디움코키네움발효여과물,석류추출물,라즈베리추출물,토마토추출물,클로렐라불가리스추출물,병풀추출물,스쿠알란,판테놀,세라마이드엔피,카카오씨추출물,살비아오일,불가리스쑥오일,바질오일,글루코오스,폴리글리세릴-10라우레이트,하이드로제네이티드레시틴,다이에톡시에틸석시네이트,프룩토올리고사카라이드,프룩토오스,트로메타민,에틸헥실글리세린,다이페닐다이메티콘,아데노신,트라이에틸헥사노인,덱스트린,소듐파이테이트,사이아노코발아민,다이프로필렌글라이콜,펜틸렌글라이콜,토코페롤,카프릴릴/카프릴글루코사이드,카프릴릭/카프릭트라이글리세라이드,카보머,잔탄검,정제수",피부탄력,모든피부,https://shop-phinf.pstatic.net/20230704_270/1688457389646R7kMP_PNG/G5xFx_100006_1.png?type=m510,EVE VEGAN
허스텔러,미국,에센스/세럼/앰플,리틀 드롭스 리벌스 데이 앰플 15ml,HT2,28000,"사탕무뿌리추출물,글리세린,프로판다이올,베타인,부틸렌글라이콜,나이아신아마이드,1❤️2-헥산다이올,리치과피추출물,푸시디움코키네움발효여과물,석류추출물,라즈베리추출물,토마토추출물,클로렐라불가리스추출물,병풀추출물,스쿠알란,판테놀,세라마이드엔피,카카오씨추출물,살비아오일,불가리스쑥오일,바질오일,글루코오스,폴리글리세릴-10라우레이트,하이드로제네이티드레시틴,다이에톡시에틸석시네이트,프룩토올리고사카라이드,프룩토오스,트로메타민,에틸헥실글리세린,다이페닐다이메티콘,아데노신,트라이에틸헥사노인,덱스트린,소듐파이테이트,사이아노코발아민,다이프로필렌글라이콜,펜틸렌글라이콜,토코페롤,카프릴릴/카프릴글루코사이드,카프릴릭/카프릭트라이글리세라이드,카보머,잔탄검,정제수",피부탄력,모든피부,https://shop-phinf.pstatic.net/20230704_127/1688457379573roJdR_PNG/8yYsN_100003_1.png?type=m510,EVE VEGAN
허스텔러,미국,에센스/세럼/앰플,원더 베지 쥬시 트리트먼트 에센스 150ml,HT3,38000,"케일잎추출물,바질잎수,2❤️3-부탄다이올,파파야열매추출물,사과추출물,매실추출물,포도추출물,베타인,소듐피씨에이,하이드록시아세토페논,아데노신,소듐파이테이트,인도멀구슬나무잎추출물,인도멀구슬나무꽃추출물,정제수",피부결개선,모든피부,https://shop-phinf.pstatic.net/20230808_252/1691489174458E1A8d_JPEG/6501261558788427_1607229124.jpg?type=m510,EVE VEGAN
허스텔러,미국,에센스/세럼/앰플,리틀 드롭스 디어 마이 링클 15ml,HT4,32000,"에버라스팅꽃수,글리세린,프로판다이올,폴리글리세린-3,폴리데센,정제수,펜틸렌글라이콜,나이아신아마이드,1❤️2-헥산다이올,올레라케아아크멜라추출물,록샘파이어추출물,판테놀,아이리쉬모스추출물,사탕수수추출물,아라비아고무나무검,인도멀구슬나무꽃추출물,클레리오일,광곽향오일,인도멀구슬나무잎추출물,울금뿌리추출물,홀리바질잎추출물,카카오씨추출물,참산호말추출물,폴리글리세릴-10라우레이트,부틸렌글라이콜,폴리아크릴레이트크로스폴리머-6,트로메타민,아가,옥탄다이올,아데노신,에틸헥실글리세린,덱스트린,카보머,다이소듐이디티에이","보습,생기,피부탄력",모든피부,https://shop-phinf.pstatic.net/20230704_232/1688457372625AmGuO_PNG/pfHBf_100001_1.png?type=m510,EVE VEGAN
허스텔러,미국,에센스/세럼/앰플,리틀 드롭스 디어 마이 링클 45ml,HT5,64000,"에버라스팅꽃수,글리세린,프로판다이올,폴리글리세린-3,폴리데센,정제수,펜틸렌글라이콜,나이아신아마이드,1❤️2-헥산다이올,올레라케아아크멜라추출물,록샘파이어추출물,판테놀,아이리쉬모스추출물,사탕수수추출물,아라비아고무나무검,인도멀구슬나무꽃추출물,클레리오일,광곽향오일,인도멀구슬나무잎추출물,울금뿌리추출물,홀리바질잎추출물,카카오씨추출물,참산호말추출물,폴리글리세릴-10라우레이트,부틸렌글라이콜,폴리아크릴레이트크로스폴리머-6,트로메타민,아가,옥탄다이올,아데노신,에틸헥실글리세린,덱스트린,카보머,다이소듐이디티에이","보습,생기,피부탄력",모든피부,https://shop-phinf.pstatic.net/20230801_291/1690848794797aRHrI_JPEG/17355619903572077_787649119.jpg?type=m510,EVE VEGAN
허스텔러,미국,에센스/세럼/앰플,리틀 드롭스 카밍 데이즈 앰플 45ml,HT6,48000,"포트마리골드꽃추출물,부틸렌글라이콜,카프릴릭/카프릭트라이글리세라이드,에탄올,글리세린,펜틸렌글라이콜,호호바씨오일,코코-카프릴레이트/카프레이트,사과씨오일,1❤️2-헥산다이올,울금뿌리추출물,락토바실러스발효물,인도멀구슬나무꽃추출물,인도멀구슬나무잎추출물,베르가모트오일,라벤더오일,아이비고드열매추출물,홀리바질잎추출물,한련초추출물,참산호말추출물,인도멀구슬나무껍질추출물,호프추출물,드럼스틱씨오일,알로에베라꽃추출물,가지열매추출물,소듐클로라이드,정제수,에틸헥실글리세린,옥탄다이올,리놀레익애씨드,토코페롤,리놀레닉애씨드,잔탄검,리모넨,리날룰",진정,모든피부,https://shop-phinf.pstatic.net/20230808_119/1691489134247lTUty_JPEG/17204127857909470_1058830733.jpg?type=m510,EVE VEGAN
허스텔러,미국,로션/크림,원더 베지 하이드레이팅 젤 크림 50ml,HT7,32000,"케일잎추출물,글리세린,바질잎수,2❤️3-부탄다이올,나이아신아마이드,C13-15알케인,정제수,아보카도열매추출물,브로콜리추출물,아스파라거스추출물,파슬리추출물,포도추출물,파파야열매추출물,사과추출물,매실추출물,오크라열매추출물,판테놀,베타-글루칸,베타인,카프릴릭/카프릭트라이글리세라이드,폴리글리세릴-2스테아레이트,암모늄아크릴로일다이메틸타우레이트/브이피코폴리머,글리세릴스테아레이트,레시틴,알지닌,아크릴레이트/C10-30알킬아크릴레이트크로스폴리머,잔탄검,알란토인,시트릭애씨드,토코페롤,다이포타슘글리시리제이트,아데노신,소듐파이테이트,소듐아크릴레이트코폴리머,1❤️2-헥산다이올,스테아릴알코올,인도멀구슬나무잎추출물,에틸헥실글리세린,인도멀구슬나무꽃추출물,판토락톤,소듐시트레이트","수분공급,피부탄력",모든피부,https://shop-phinf.pstatic.net/20230808_94/16914893517345Gp1e_JPEG/6501438805087619_1120899198.jpg?type=m510,EVE VEGAN
허스텔러,미국,로션/크림,원더 베지 인리치드 크림 50ml,HT8,34000,"케일잎추출물,부틸렌글라이콜,프로판다이올,세테아릴알코올,카프릴릭/카프릭트라이글리세라이드,하이드로제네이티드폴리(C6-14올레핀),세틸에틸헥사노에이트,다이글리세린,폴리글리세릴-3메틸글루코오스다이스테아레이트,시어버터,다이아이소스테아릴말레이트,나이아신아마이드,퀸즈랜드넛오일,1❤️2-헥산다이올,펜틸렌글라이콜,글리세릴스테아레이트,올리브오일,안디로바씨오일,피스타치오씨오일,세라마이드엔피,피토스테롤,하이드로제네이티드쌀겨오일,하이드로제네이티드식물성오일,아시아티코사이드,스쿠알란,토코페롤,아데노신,하이드로제네이티드레시틴,레시틴,바질오일,베르가모트오일,클레리오일,왕귤껍질오일,카카오씨추출물,세테아릴올리베이트,솔비탄올리베이트,하이드록시에틸아크릴레이트/소듐아크릴로일다이메틸타우레이트코폴리머,하이드록시아세토페논,팔미틱애씨드,스테아릭애씨드,트로메타민,글리세린,솔비탄아이소스테아레이트,에틸헥실글리세린,소듐파이테이트,합성비즈왁스,폴리글리세릴-10스테아레이트,덱스트린,카보머,잔탄검,솔비탄카프릴레이트,카프릴릴글라이콜,정제수,리모넨,리날룰",보습,모든피부,https://shop-phinf.pstatic.net/20230808_201/1691489546939Ey7tW_JPEG/1648841740856117_1941427970.jpg?type=m510,EVE VEGAN
허스텔러,미국,로션/크림,리틀 드롭스 카밍 데이즈 앰플 크림 100ml,HT9,30000,"포트마리골드꽃추출물,부틸렌글라이콜,카프릴릭/카프릭트라이글리세라이드,글리세린,1❤️2-헥산다이올,세테아릴올리베이트,네오펜틸글라이콜다이헵타노에이트,비쑥추출물,자작나무수액,비타민나무오일,폴리글리세릴-3메틸글루코오스다이스테아레이트,솔비탄올리베이트,소듐폴리아크릴로일다이메틸타우레이트,다이카프릴릴에터,카보머,트로메타민,폴리글리세릴-10다이라우레이트,소듐스테아로일글루타메이트,잔탄검,에틸헥실글리세린,정제수,베르가모트오일,리모넨,리날룰","수분공급,진정",모든피부,https://shop-phinf.pstatic.net/20230704_201/1688457500139Eiz5b_PNG/7RzOF_100009_1.png?type=m510,EVE VEGAN
A24,미국,스킨/토너,헴폴릭 파이토 더마 리페어 토너 150ml,A1,67000,"알로에베라잎즙,글리세린,부틸렌글라이콜,메틸글루세스-20,버지니아풍년화추출물,카프릴릭/카프릭트라이글리세라이드,판테놀,펜틸렌글라이콜,나이아신아마이드,글루타티온,소듐하이알루로네이트,삼씨오일,병풀추출물,알로에베라잎추출물,포트마리골드꽃추출물,녹차추출물,마트리카리아꽃추출물,쇠뜨기추출물,아사이팜열매추출물,라벤더꽃추출물,인삼추출물,로즈마리잎추출물,살비아잎추출물,컴프리잎추출물,쐐기풀추출물,퀴노아씨추출물,프로판다이올,로우스위트블루베리추출물,서양산딸기추출물,블랙초크베리추출물,크랜베리추출물,베어베리잎추출물,1❤️2-헥산다이올,카프릴릴글라이콜,알란토인,아크릴레이트/C10-30알킬아크릴레이트크로스폴리머,로즈마리잎/줄기오일,에틸헥실글리세린,카멜그라스오일,소듐하이드록사이드,아데노신","미백,주름개선",모든피부,https://a24.kr/web/product/big/202104/a8342fece391fae7a49c882f4d320034.jpg,PETA
A24,미국,스킨/토너,네츄럴리즘 스킨 후레쉬너 150ml,A2,38000,"알로에베라잎즙,글리세린,판테놀,메틸글루세스-10,펜틸렌글라이콜,알지닌,소듐하이알루로네이트,알로에베라잎추출물,포트마리골드꽃추출물,녹차추출물,마트리카리아꽃추출물,쇠뜨기추출물,아사이팜열매추출물,라벤더꽃추출물,인삼추출물,로즈마리잎추출물,살비아잎추출물,컴프리잎추출물,쐐기풀추출물,퀴노아씨추출물,프로판다이올,카프릴릴글라이콜,멘톨,알란토인,로즈마리잎/줄기오일,에틸헥실글리세린,카멜그라스오일,소듐하이드록사이드",수분,모든피부,https://a24.kr/web/product/big/202012/44f020780b9f38e4a593cfa6d20107bc.jpg,PETA
A24,미국,스킨/토너,네츄럴리즘 스킨 수딩겔 300ml,A3,50000,"알로에베라잎즙,글리세린,메틸글루세스-10,판테놀,소듐하이알루로네이트,아크릴레이트/C10-30알킬아크릴레이트크로스폴리머,알지닌,알로에베라잎추출물,포트마리골드꽃추출물,녹차추출물,마트리카리아꽃추출물,쇠뜨기추출물,아사이팜열매추출물,라벤더꽃추출물,인삼추출물,로즈마리잎추출물,살비아잎추출물,컴프리잎추출물,쐐기풀추출물,퀴노아씨추출물,카프릴릴글라이콜,1❤️2-헥산다이올,자몽추출물,병풀추출물,시트릭애씨드","수분,진정",모든피부,https://a24.kr/web/product/big/202201/85da4a49a2292331cf0952d69b34f50b.jpg,PETA
A24,미국,스킨/토너,네츄럴리즘 스킨 수딩겔 150ml,A4,27000,"알로에베라잎즙,글리세린,메틸글루세스-10,판테놀,소듐하이알루로네이트,아크릴레이트/C10-30알킬아크릴레이트크로스폴리머,알지닌,알로에베라잎추출물,포트마리골드꽃추출물,녹차추출물,마트리카리아꽃추출물,쇠뜨기추출물,아사이팜열매추출물,라벤더꽃추출물,인삼추출물,로즈마리잎추출물,살비아잎추출물,컴프리잎추출물,쐐기풀추출물,퀴노아씨추출물,카프릴릴글라이콜,1❤️2-헥산다이올,자몽추출물,병풀추출물,시트릭애씨드","수분,진정",모든피부,https://a24.kr/web/product/big/202009/d7446b8b66e344f4b2b9db6819c98b1b.jpg,PETA
A24,미국,로션/크림,헴폴릭 파이토 더마 리페어 크림 50g,A5,100000,"알로에베라잎즙,카프릴릭/카프릭트라이글리세라이드,글리세린,나이아신아마이드,시어버터,글리세릴스테아레이트,레시틴,스테아릭애씨드,스위트아몬드오일,잇꽃씨오일,호호바씨오일,올리브오일,마카다미아씨오일,펜틸렌글라이콜,판테놀,글루타티온,프로판다이올,삼씨오일,병풀추출물,알로에베라잎추출물,포트마리골드꽃추출물,녹차추출물,마트리카리아꽃추출물,쇠뜨기추출물,아사이팜열매추출물,라벤더꽃추출물,인삼추출물,로즈마리잎추출물,살비아잎추출물,컴프리잎추출물,쐐기풀추출물,퀴노아씨추출물,로우스위트블루베리추출물,서양산딸기추출물,블랙초크베리추출물,크랜베리추출물,베어베리잎추출물,유자추출물,아크릴레이트/C10-30알킬아크릴레이트크로스폴리머,1❤️2-헥산다이올,향료,라벤더꽃오일,카프릴릴글라이콜,토코페릴아세테이트,카라멜,에틸헥실글리세린,소듐하이드록사이드,아데노신","미백,주름개선",모든피부,https://a24.kr/web/product/big/202104/52467a3aa0a9c9e025ff64321c685512.jpg,PETA
A24,미국,로션/크림,메디에이터 매지컬 릴렉싱 슬리핑팩,A6,39000,"병풀추출물,글리세린,프로판다이올,부틸렌글라이콜,정제수,나이아신아마이드,1❤️2-헥산다이올,소듐아크릴레이트/소듐아크릴로일다이메틸타우레이트코폴리머,폴리아이소부텐,카보머,알지닌,시어버터,편백잎추출물,폴리글리세릴-10라우레이트,하이드로제네이티드레시틴,판테놀,알란토인,에틸헥실글리세린,아데노신,해당화잎추출물,카프릴릴/카프릴글루코사이드,솔비탄올리에이트,폴리글리세릴-10스테아레이트,레몬밤잎추출물,소듐하이알루로네이트,벤질글라이콜,자일리틸글루코사이드,하이드롤라이즈드글라이코사미노글리칸,안하이드로자일리톨,라벤더오일,자일리톨,글루코닉애씨드,만델릭애씨드,소듐하이알루로네이트크로스폴리머,글루코오스,하이드롤라이즈드하이알루로닉애씨드,락토바이오닉애씨드,녹차추출물,비타민나무열매추출물,하이드록시프로필트라이모늄하이알루로네이트,하이알루로닉애씨드,소듐아세틸레이티드하이알루로네이트,팔미토일트라이펩타이드-1,팔미토일펜타펩타이드-4,헥사펩타이드-9,아세틸헥사펩타이드-8,트라이펩타이드-1,카퍼트라이펩타이드-1","미백,주름개선",모든피부,https://a24.kr/web/product/big/202012/f74fcb2064a9005d39dadd1debc04086.jpg,PETA
A24,미국,에센스/세럼/앰플,100% USDA 호호바 오일 30ml,A7,54000,호호바씨오일,보습,모든피부,https://a24.kr/web/product/big/202208/82382eb068a92e94b52a9c21719cc9a2.png,PETA